4,小明2w,12,112
5,小明3w,13,113
6,小明4w,14,114
7,小明5w,15,115
8,小明6w,16,116
9,小明7w,17,117
10,小明8w,18,118
11,小明9w,19,119
12,小明10w,20,120
13,小明11w,21,121
14,小明12w,22,122
15,小明13w,23,123
16,小明14w,24,124
17,小明15w,25,125
18,小明16w,26,126
19,小明17w,27,127
20,小明18w,28,128
21,小明19w,29,129
22,小明20w,30,130
23,小明21w,31,131
24,小明22w,32,132
25,小明23w,33,133
26,小明24w,34,134
27,小明25w,35,135
28,小明26w,36,136
29,小明27w,37,137
30,小明28w,38,138
31,小明29w,39,139
32,小明30w,40,140
33,小明31w,41,141
34,小明32w,42,142
35,小明33w,43,143
36,小明34w,44,144
37,小明35w,45,145
38,小明36w,46,146
39,小明37w,47,147
40,小明38w,48,148
41,小明39w,49,149
42,小明40w,50,150
43,小明41w,51,151
44,小明42w,52,152
45,小明43w,53,153
46,小明44w,54,154
47,小明45w,55,155
48,小明46w,56,156
49,小明47w,57,157
50,小明48w,58,158
51,小明49w,59,159
52,小明50w,60,160
53,小明51w,61,161
54,小明52w,62,162
55,小明53w,63,163
56,小明54w,64,164
57,小明55w,65,165
58,小明56w,66,166
59,小明57w,67,167
60,小明58w,68,168
61,小明59w,69,169
62,小明60w,70,170
63,小明61w,71,171
64,小明62w,72,172
65,小明63w,73,173
66,小明64w,74,174
67,小明65w,75,175
68,小明66w,76,176
69,小明67w,77,177
70,小明68w,78,178
71,小明69w,79,179
72,小明70w,80,180
73,小明71w,81,181
74,小明72w,82,182
75,小明73w,83,183
76,小明74w,84,184
77,小明75w,85,185
78,小明76w,86,186
79,小明77w,87,187
80,小明78w,88,188
81,小明79w,89,189
82,小明80w,90,190
83,小明81w,91,191
84,小明82w,92,192
85,小明83w,93,193
86,小明84w,94,194
87,小明85w,95,195
88,小明86w,96,196
89,小明87w,97,197
90,小明88w,98,198
91,小明89w,99,199
92,小明90w,100,1100
93,小明91w,101,1101
94,小明92w,102,1102
95,小明93w,103,1103
96,小明94w,104,1104
97,小明95w,105,1105
98,小明96w,106,1106
99,小明97w,107,1107
100,小明98w,108,1108
101,小明99w,109,1109
102,小明100w,110,1110
103,小明101w,111,1111
104,小明102w,112,1112
105,小明103w,113,1113
106,小明104w,114,1114
107,小明105w,115,1115
108,小明106w,116,1116
109,小明107w,117,1117
110,小明108w,118,1118
111,小明109w,119,1119
112,小明110w,120,1120
113,小明111w,121,1121
114,小明112w,122,1122
115,小明113w,123,1123
116,小明114w,124,1124
117,小明115w,125,1125
118,小明116w,126,1126
119,小明117w,127,1127
120,小明118w,128,1128
121,小明119w,129,1129
122,小明120w,130,1130
123,小明121w,131,1131
124,小明122w,132,1132
125,小明123w,133,1133
126,小明124w,134,1134
127,小明125w,135,1135
128,小明126w,136,1136
129,小明127w,137,1137
130,小明128w,138,1138
131,小明129w,139,1139
132,小明130w,140,1140
133,小明131w,141,1141
134,小明132w,142,1142
135,小明133w,143,1143
136,小明134w,144,1144
137,小明135w,145,1145
138,小明136w,146,1146
139,小明137w,147,1147
140,小明138w,148,1148
141,小明139w,149,1149
142,小明140w,150,1150
143,小明141w,151,1151
144,小明142w,152,1152
145,小明143w,153,1153
146,小明144w,154,1154
147,小明145w,155,1155
148,小明146w,156,1156
149,小明147w,157,1157
150,小明148w,158,1158
151,小明149w,159,1159
152,小明150w,160,1160
153,小明151w,161,1161
154,小明152w,162,1162
155,小明153w,163,1163
156,小明154w,164,1164
157,小明155w,165,1165
158,小明156w,166,1166
159,小明157w,167,1167
160,小明158w,168,1168
161,小明159w,169,1169
162,小明160w,170,1170
163,小明161w,171,1171
164,小明162w,172,1172
165,小明163w,173,1173
166,小明164w,174,1174
167,小明165w,175,1175
168,小明166w,176,1176
169,小明167w,177,1177
170,小明168w,178,1178
171,小明169w,179,1179
172,小明170w,180,1180
173,小明171w,181,1181
174,小明172w,182,1182
175,小明173w,183,1183
176,小明174w,184,1184
177,小明175w,185,1185
178,小明176w,186,1186
179,小明177w,187,1187
180,小明178w,188,1188
181,小明179w,189,1189
182,小明180w,190,1190
183,小明181w,191,1191
184,小明182w,192,1192
185,小明183w,193,1193
186,小明184w,194,1194
187,小明185w,195,1195
188,小明186w,196,1196
189,小明187w,197,1197
190,小明188w,198,1198
191,小明189w,199,1199
192,小明190w,200,1200
193,小明191w,201,1201
194,小明192w,202,1202
195,小明193w,203,1203
196,小明194w,204,1204
197,小明195w,205,1205
198,小明196w,206,1206
199,小明197w,207,1207
200,小明198w,208,1208
201,小明199w,209,1209
202,小明200w,210,1210
203,小明201w,211,1211
204,小明202w,212,1212
205,小明203w,213,1213
206,小明204w,214,1214
207,小明205w,215,1215
208,小明206w,216,1216
209,小明207w,217,1217
210,小明208w,218,1218
211,小明209w,219,1219
212,小明210w,220,1220
213,小明211w,221,1221
214,小明212w,222,1222
215,小明213w,223,1223
216,小明214w,224,1224
217,小明215w,225,1225
218,小明216w,226,1226
219,小明217w,227,1227
220,小明218w,228,1228
221,小明219w,229,1229
222,小明220w,230,1230
223,小明221w,231,1231
224,小明222w,232,1232
225,小明223w,233,1233
226,小明224w,234,1234
227,小明225w,235,1235
228,小明226w,236,1236
229,小明227w,237,1237
230,小明228w,238,1238
231,小明229w,239,1239
232,小明230w,240,1240
233,小明231w,241,1241
234,小明232w,242,1242
235,小明233w,243,1243
236,小明234w,244,1244
237,小明235w,245,1245
238,小明236w,246,1246
239,小明237w,247,1247
240,小明238w,248,1248
241,小明239w,249,1249
242,小明240w,250,1250
243,小明241w,251,1251
244,小明242w,252,1252
245,小明243w,253,1253
246,小明244w,254,1254
247,小明245w,255,1255
248,小明246w,256,1256
249,小明247w,257,1257
250,小明248w,258,1258
251,小明249w,259,1259
252,小明250w,260,1260
253,小明251w,261,1261
254,小明252w,262,1262
255,小明253w,263,1263
256,小明254w,264,1264
257,小明255w,265,1265
258,小明256w,266,1266
259,小明257w,267,1267
260,小明258w,268,1268
261,小明259w,269,1269
262,小明260w,270,1270
263,小明261w,271,1271
264,小明262w,272,1272
265,小明263w,273,1273
266,小明264w,274,1274
267,小明265w,275,1275
268,小明266w,276,1276
269,小明267w,277,1277
270,小明268w,278,1278
271,小明269w,279,1279
272,小明270w,280,1280
273,小明271w,281,1281
274,小明272w,282,1282
275,小明273w,283,1283
276,小明274w,284,1284
277,小明275w,285,1285
278,小明276w,286,1286
279,小明277w,287,1287
280,小明278w,288,1288
281,小明279w,289,1289
282,小明280w,290,1290
283,小明281w,291,1291
284,小明282w,292,1292
285,小明283w,293,1293
286,小明284w,294,1294
287,小明285w,295,1295
288,小明286w,296,1296
289,小明287w,297,1297
290,小明288w,298,1298
291,小明289w,299,1299
292,小明290w,300,1300
293,小明291w,301,1301
294,小明292w,302,1302
295,小明293w,303,1303
296,小明294w,304,1304
297,小明295w,305,1305
298,小明296w,306,1306
299,小明297w,307,1307
300,小明298w,308,1308
301,小明299w,309,1309
302,小明300w,310,1310
303,小明301w,311,1311
304,小明302w,312,1312
305,小明303w,313,1313
306,小明304w,314,1314
307,小明305w,315,1315
308,小明306w,316,1316
309,小明307w,317,1317
310,小明308w,318,1318
311,小明309w,319,1319
312,小明310w,320,1320
313,小明311w,321,1321
314,小明312w,322,1322
315,小明313w,323,1323
316,小明314w,324,1324
317,小明315w,325,1325
318,小明316w,326,1326
319,小明317w,327,1327
320,小明318w,328,1328
321,小明319w,329,1329
322,小明320w,330,1330
323,小明321w,331,1331
324,小明322w,332,1332
325,小明323w,333,1333
326,小明324w,334,1334
327,小明325w,335,1335
328,小明326w,336,1336
329,小明327w,337,1337
330,小明328w,338,1338
331,小明329w,339,1339
332,小明330w,340,1340
333,小明331w,341,1341
334,小明332w,342,1342
335,小明333w,343,1343
336,小明334w,344,1344
337,小明335w,345,1345
338,小明336w,346,1346
339,小明337w,347,1347
340,小明338w,348,1348
341,小明339w,349,1349
342,小明340w,350,1350
343,小明341w,351,1351
344,小明342w,352,1352
345,小明343w,353,1353
346,小明344w,354,1354
347,小明345w,355,1355
348,小明346w,356,1356
349,小明347w,357,1357
350,小明348w,358,1358
351,小明349w,359,1359
352,小明350w,360,1360
353,小明351w,361,1361
354,小明352w,362,1362
355,小明353w,363,1363
356,小明354w,364,1364
357,小明355w,365,1365
358,小明356w,366,1366
359,小明357w,367,1367
360,小明358w,368,1368
361,小明359w,369,1369
362,小明360w,370,1370
363,小明361w,371,1371
364,小明362w,372,1372
365,小明363w,373,1373
366,小明364w,374,1374
367,小明365w,375,1375
368,小明366w,376,1376
369,小明367w,377,1377
370,小明368w,378,1378
371,小明369w,379,1379
372,小明370w,380,1380
373,小明371w,381,1381
374,小明372w,382,1382
375,小明373w,383,1383
376,小明374w,384,1384
377,小明375w,385,1385
378,小明376w,386,1386
379,小明377w,387,1387
380,小明378w,388,1388
381,小明379w,389,1389
382,小明380w,390,1390
383,小明381w,391,1391
384,小明382w,392,1392
385,小明383w,393,1393
386,小明384w,394,1394
387,小明385w,395,1395
388,小明386w,396,1396
389,小明387w,397,1397
390,小明388w,398,1398
391,小明389w,399,1399
392,小明390w,400,1400
393,小明391w,401,1401
394,小明392w,402,1402
395,小明393w,403,1403
396,小明394w,404,1404
397,小明395w,405,1405
398,小明396w,406,1406
399,小明397w,407,1407
400,小明398w,408,1408
401,小明399w,409,1409
402,小明400w,410,1410
403,小明401w,411,1411
404,小明402w,412,1412
405,小明403w,413,1413
406,小明404w,414,1414
407,小明405w,415,1415
408,小明406w,416,1416
409,小明407w,417,1417
410,小明408w,418,1418
411,小明409w,419,1419
412,小明410w,420,1420
413,小明411w,421,1421
414,小明412w,422,1422
415,小明413w,423,1423
416,小明414w,424,1424
417,小明415w,425,1425
418,小明416w,426,1426
419,小明417w,427,1427
420,小明418w,428,1428
421,小明419w,429,1429
422,小明420w,430,1430
423,小明421w,431,1431
424,小明422w,432,1432
425,小明423w,433,1433
426,小明424w,434,1434
427,小明425w,435,1435
428,小明426w,436,1436
429,小明427w,437,1437
430,小明428w,438,1438
431,小明429w,439,1439
432,小明430w,440,1440
433,小明431w,441,1441
434,小明432w,442,1442
435,小明433w,443,1443
436,小明434w,444,1444
437,小明435w,445,1445
438,小明436w,446,1446
439,小明437w,447,1447
440,小明438w,448,1448
441,小明439w,449,1449
442,小明440w,450,1450
443,小明441w,451,1451
444,小明442w,452,1452
445,小明443w,453,1453
446,小明444w,454,1454
447,小明445w,455,1455
448,小明446w,456,1456
449,小明447w,457,1457
450,小明448w,458,1458
451,小明449w,459,1459
452,小明450w,460,1460
453,小明451w,461,1461
454,小明452w,462,1462
455,小明453w,463,1463
456,小明454w,464,1464
457,小明455w,465,1465
458,小明456w,466,1466
459,小明457w,467,1467
460,小明458w,468,1468
461,小明459w,469,1469
462,小明460w,470,1470
463,小明461w,471,1471
464,小明462w,472,1472
465,小明463w,473,1473
466,小明464w,474,1474
467,小明465w,475,1475
468,小明466w,476,1476
469,小明467w,477,1477
470,小明468w,478,1478
471,小明469w,479,1479
472,小明470w,480,1480
473,小明471w,481,1481
474,小明472w,482,1482
475,小明473w,483,1483
476,小明474w,484,1484
477,小明475w,485,1485
478,小明476w,486,1486
479,小明477w,487,1487
480,小明478w,488,1488
481,小明479w,489,1489
482,小明480w,490,1490
483,小明481w,491,1491
484,小明482w,492,1492
485,小明483w,493,1493
486,小明484w,494,1494
487,小明485w,495,1495
488,小明486w,496,1496
489,小明487w,497,1497
490,小明488w,498,1498
491,小明489w,499,1499
492,小明490w,500,1500
493,小明491w,501,1501
494,小明492w,502,1502
495,小明493w,503,1503
496,小明494w,504,1504
497,小明495w,505,1505
498,小明496w,506,1506
499,小明497w,507,1507
500,小明498w,508,1508
501,小明499w,509,1509
502,小明500w,510,1510
503,小明501w,511,1511
504,小明502w,512,1512
505,小明503w,513,1513
506,小明504w,514,1514
507,小明505w,515,1515
508,小明506w,516,1516
509,小明507w,517,1517
510,小明508w,518,1518
511,小明509w,519,1519
512,小明510w,520,1520
513,小明511w,521,1521
514,小明512w,522,1522
515,小明513w,523,1523
516,小明514w,524,1524
517,小明515w,525,1525
518,小明516w,526,1526
519,小明517w,527,1527
520,小明518w,528,1528
521,小明519w,529,1529
522,小明520w,530,1530
523,小明521w,531,1531
524,小明522w,532,1532
525,小明523w,533,1533
526,小明524w,534,1534
527,小明525w,535,1535
528,小明526w,536,1536
529,小明527w,537,1537
530,小明528w,538,1538
531,小明529w,539,1539
532,小明530w,540,1540
533,小明531w,541,1541
534,小明532w,542,1542
535,小明533w,543,1543
536,小明534w,544,1544
537,小明535w,545,1545
538,小明536w,546,1546
539,小明537w,547,1547
540,小明538w,548,1548
541,小明539w,549,1549
542,小明540w,550,1550
543,小明541w,551,1551
544,小明542w,552,1552
545,小明543w,553,1553
546,小明544w,554,1554
547,小明545w,555,1555
548,小明546w,556,1556
549,小明547w,557,1557
550,小明548w,558,1558
551,小明549w,559,1559
552,小明550w,560,1560
553,小明551w,561,1561
554,小明552w,562,1562
555,小明553w,563,1563
556,小明554w,564,1564
557,小明555w,565,1565
558,小明556w,566,1566
559,小明557w,567,1567
560,小明558w,568,1568
561,小明559w,569,1569
562,小明560w,570,1570
563,小明561w,571,1571
564,小明562w,572,1572
565,小明563w,573,1573
566,小明564w,574,1574
567,小明565w,575,1575
568,小明566w,576,1576
569,小明567w,577,1577
570,小明568w,578,1578
571,小明569w,579,1579
572,小明570w,580,1580
573,小明571w,581,1581
574,小明572w,582,1582
575,小明573w,583,1583
576,小明574w,584,1584
577,小明575w,585,1585
578,小明576w,586,1586
579,小明577w,587,1587
580,小明578w,588,1588
581,小明579w,589,1589
582,小明580w,590,1590
583,小明581w,591,1591
584,小明582w,592,1592
585,小明583w,593,1593
586,小明584w,594,1594
587,小明585w,595,1595
588,小明586w,596,1596
589,小明587w,597,1597
590,小明588w,598,1598
591,小明589w,599,1599
592,小明590w,600,1600
593,小明591w,601,1601
594,小明592w,602,1602
595,小明593w,603,1603
596,小明594w,604,1604
597,小明595w,605,1605
598,小明596w,606,1606
599,小明597w,607,1607
600,小明598w,608,1608
601,小明599w,609,1609
602,小明600w,610,1610
603,小明601w,611,1611
604,小明602w,612,1612
605,小明603w,613,1613
606,小明604w,614,1614
607,小明605w,615,1615
608,小明606w,616,1616
609,小明607w,617,1617
610,小明608w,618,1618
611,小明609w,619,1619
612,小明610w,620,1620
613,小明611w,621,1621
614,小明612w,622,1622
615,小明613w,623,1623
616,小明614w,624,1624
617,小明615w,625,1625
618,小明616w,626,1626
619,小明617w,627,1627
620,小明618w,628,1628
621,小明619w,629,1629
622,小明620w,630,1630
623,小明621w,631,1631
624,小明622w,632,1632
625,小明623w,633,1633
626,小明624w,634,1634
627,小明625w,635,1635
628,小明626w,636,1636
629,小明627w,637,1637
630,小明628w,638,1638
631,小明629w,639,1639
632,小明630w,640,1640
633,小明631w,641,1641
634,小明632w,642,1642
635,小明633w,643,1643
636,小明634w,644,1644
637,小明635w,645,1645
638,小明636w,646,1646
639,小明637w,647,1647
640,小明638w,648,1648
641,小明639w,649,1649
642,小明640w,650,1650
643,小明641w,651,1651
644,小明642w,652,1652
645,小明643w,653,1653
646,小明644w,654,1654
647,小明645w,655,1655
648,小明646w,656,1656
649,小明647w,657,1657
650,小明648w,658,1658
651,小明649w,659,1659
652,小明650w,660,1660
653,小明651w,661,1661
654,小明652w,662,1662
655,小明653w,663,1663
656,小明654w,664,1664
657,小明655w,665,1665
658,小明656w,666,1666
659,小明657w,667,1667
660,小明658w,668,1668
661,小明659w,669,1669
662,小明660w,670,1670
663,小明661w,671,1671
664,小明662w,672,1672
665,小明663w,673,1673
666,小明664w,674,1674
667,小明665w,675,1675
668,小明666w,676,1676
669,小明667w,677,1677
670,小明668w,678,1678
671,小明669w,679,1679
672,小明670w,680,1680
673,小明671w,681,1681
674,小明672w,682,1682
675,小明673w,683,1683
676,小明674w,684,1684
677,小明675w,685,1685
678,小明676w,686,1686
679,小明677w,687,1687
680,小明678w,688,1688
681,小明679w,689,1689
682,小明680w,690,1690
683,小明681w,691,1691
684,小明682w,692,1692
685,小明683w,693,1693
686,小明684w,694,1694
687,小明685w,695,1695
688,小明686w,696,1696
689,小明687w,697,1697
690,小明688w,698,1698
691,小明689w,699,1699
692,小明690w,700,1700
693,小明691w,701,1701
694,小明692w,702,1702
695,小明693w,703,1703
696,小明694w,704,1704
697,小明695w,705,1705
698,小明696w,706,1706
699,小明697w,707,1707
700,小明698w,708,1708
701,小明699w,709,1709
702,小明700w,710,1710
703,小明701w,711,1711
704,小明702w,712,1712
705,小明703w,713,1713
706,小明704w,714,1714
707,小明705w,715,1715
708,小明706w,716,1716
709,小明707w,717,1717
710,小明708w,718,1718
711,小明709w,719,1719
712,小明710w,720,1720
713,小明711w,721,1721
714,小明712w,722,1722
715,小明713w,723,1723
716,小明714w,724,1724
717,小明715w,725,1725
718,小明716w,726,1726
719,小明717w,727,1727
720,小明718w,728,1728
721,小明719w,729,1729
722,小明720w,730,1730
723,小明721w,731,1731
724,小明722w,732,1732
725,小明723w,733,1733
726,小明724w,734,1734
727,小明725w,735,1735
728,小明726w,736,1736
729,小明727w,737,1737
730,小明728w,738,1738
731,小明729w,739,1739
732,小明730w,740,1740
733,小明731w,741,1741
734,小明732w,742,1742
735,小明733w,743,1743
736,小明734w,744,1744
737,小明735w,745,1745
738,小明736w,746,1746
739,小明737w,747,1747
740,小明738w,748,1748
741,小明739w,749,1749
742,小明740w,750,1750
743,小明741w,751,1751
744,小明742w,752,1752
745,小明743w,753,1753
746,小明744w,754,1754
747,小明745w,755,1755
748,小明746w,756,1756
749,小明747w,757,1757
750,小明748w,758,1758
751,小明749w,759,1759
752,小明750w,760,1760
753,小明751w,761,1761
754,小明752w,762,1762
755,小明753w,763,1763
756,小明754w,764,1764
757,小明755w,765,1765
758,小明756w,766,1766
759,小明757w,767,1767
760,小明758w,768,1768
761,小明759w,769,1769
762,小明760w,770,1770
763,小明761w,771,1771
764,小明762w,772,1772
765,小明763w,773,1773
766,小明764w,774,1774
767,小明765w,775,1775
768,小明766w,776,1776
769,小明767w,777,1777
770,小明768w,778,1778
771,小明769w,779,1779
772,小明770w,780,1780
773,小明771w,781,1781
774,小明772w,782,1782
775,小明773w,783,1783
776,小明774w,784,1784
777,小明775w,785,1785
778,小明776w,786,1786
779,小明777w,787,1787
780,小明778w,788,1788
781,小明779w,789,1789
782,小明780w,790,1790
783,小明781w,791,1791
784,小明782w,792,1792
785,小明783w,793,1793
786,小明784w,794,1794
787,小明785w,795,1795
788,小明786w,796,1796
789,小明787w,797,1797
790,小明788w,798,1798
791,小明789w,799,1799
792,小明790w,800,1800
793,小明791w,801,1801
794,小明792w,802,1802
795,小明793w,803,1803
796,小明794w,804,1804
797,小明795w,805,1805
798,小明796w,806,1806
799,小明797w,807,1807
800,小明798w,808,1808
801,小明799w,809,1809
802,小明800w,810,1810
803,小明801w,811,1811
804,小明802w,812,1812
805,小明803w,813,1813
806,小明804w,814,1814
807,小明805w,815,1815
808,小明806w,816,1816
809,小明807w,817,1817
810,小明808w,818,1818
811,小明809w,819,1819
812,小明810w,820,1820
813,小明811w,821,1821
814,小明812w,822,1822
815,小明813w,823,1823
816,小明814w,824,1824
817,小明815w,825,1825
818,小明816w,826,1826
819,小明817w,827,1827
820,小明818w,828,1828
821,小明819w,829,1829
822,小明820w,830,1830
823,小明821w,831,1831
824,小明822w,832,1832
825,小明823w,833,1833
826,小明824w,834,1834
827,小明825w,835,1835
828,小明826w,836,1836
829,小明827w,837,1837
830,小明828w,838,1838
831,小明829w,839,1839
832,小明830w,840,1840
833,小明831w,841,1841
834,小明832w,842,1842
835,小明833w,843,1843
836,小明834w,844,1844
837,小明835w,845,1845
838,小明836w,846,1846
839,小明837w,847,1847
840,小明838w,848,1848
841,小明839w,849,1849
842,小明840w,850,1850
843,小明841w,851,1851
844,小明842w,852,1852
845,小明843w,853,1853
846,小明844w,854,1854
847,小明845w,855,1855
848,小明846w,856,1856
849,小明847w,857,1857
850,小明848w,858,1858
851,小明849w,859,1859
852,小明850w,860,1860
853,小明851w,861,1861
854,小明852w,862,1862
855,小明853w,863,1863
856,小明854w,864,1864
857,小明855w,865,1865
858,小明856w,866,1866
859,小明857w,867,1867
860,小明858w,868,1868
861,小明859w,869,1869
862,小明860w,870,1870
863,小明861w,871,1871
864,小明862w,872,1872
865,小明863w,873,1873
866,小明864w,874,1874
867,小明865w,875,1875
868,小明866w,876,1876
869,小明867w,877,1877
870,小明868w,878,1878
871,小明869w,879,1879
872,小明870w,880,1880
873,小明871w,881,1881
874,小明872w,882,1882
875,小明873w,883,1883
876,小明874w,884,1884
877,小明875w,885,1885
878,小明876w,886,1886
879,小明877w,887,1887
880,小明878w,888,1888
881,小明879w,889,1889
882,小明880w,890,1890
883,小明881w,891,1891
884,小明882w,892,1892
885,小明883w,893,1893
886,小明884w,894,1894
887,小明885w,895,1895
888,小明886w,896,1896
889,小明887w,897,1897
890,小明888w,898,1898
891,小明889w,899,1899
892,小明890w,900,1900
893,小明891w,901,1901
894,小明892w,902,1902
895,小明893w,903,1903
896,小明894w,904,1904
897,小明895w,905,1905
898,小明896w,906,1906
899,小明897w,907,1907
900,小明898w,908,1908
901,小明899w,909,1909
902,小明900w,910,1910
903,小明901w,911,1911
904,小明902w,912,1912
905,小明903w,913,1913
906,小明904w,914,1914
907,小明905w,915,1915
908,小明906w,916,1916
909,小明907w,917,1917
910,小明908w,918,1918
911,小明909w,919,1919
912,小明910w,920,1920
913,小明911w,921,1921
914,小明912w,922,1922
915,小明913w,923,1923
916,小明914w,924,1924
917,小明915w,925,1925
918,小明916w,926,1926
919,小明917w,927,1927
920,小明918w,928,1928
921,小明919w,929,1929
922,小明920w,930,1930
923,小明921w,931,1931
924,小明922w,932,1932
925,小明923w,933,1933
926,小明924w,934,1934
927,小明925w,935,1935
928,小明926w,936,1936
929,小明927w,937,1937
930,小明928w,938,1938
931,小明929w,939,1939
932,小明930w,940,1940
933,小明931w,941,1941
934,小明932w,942,1942
935,小明933w,943,1943
936,小明934w,944,1944
937,小明935w,945,1945
938,小明936w,946,1946
939,小明937w,947,1947
940,小明938w,948,1948
941,小明939w,949,1949
942,小明940w,950,1950
943,小明941w,951,1951
944,小明942w,952,1952
945,小明943w,953,1953
946,小明944w,954,1954
947,小明945w,955,1955
948,小明946w,956,1956
949,小明947w,957,1957
950,小明948w,958,1958
951,小明949w,959,1959
952,小明950w,960,1960
953,小明951w,961,1961
954,小明952w,962,1962
955,小明953w,963,1963
956,小明954w,964,1964
957,小明955w,965,1965
958,小明956w,966,1966
959,小明957w,967,1967
960,小明958w,968,1968
961,小明959w,969,1969
962,小明960w,970,1970
963,小明961w,971,1971
964,小明962w,972,1972
965,小明963w,973,1973
966,小明964w,974,1974
967,小明965w,975,1975
968,小明966w,976,1976
969,小明967w,977,1977
970,小明968w,978,1978
971,小明969w,979,1979
972,小明970w,980,1980
973,小明971w,981,1981
974,小明972w,982,1982
975,小明973w,983,1983
976,小明974w,984,1984
977,小明975w,985,1985
978,小明976w,986,1986
979,小明977w,987,1987
980,小明978w,988,1988
981,小明979w,989,1989
982,小明980w,990,1990
983,小明981w,991,1991
984,小明982w,992,1992
985,小明983w,993,1993
986,小明984w,994,1994
987,小明985w,995,1995
988,小明986w,996,1996
989,小明987w,997,1997
990,小明988w,998,1998
991,小明989w,999,1999
992,小明990w,1000,11000
993,小明991w,1001,11001
994,小明992w,1002,11002
995,小明993w,1003,11003
996,小明994w,1004,11004
997,小明995w,1005,11005
998,小明996w,1006,11006
999,小明997w,1007,11007
1000,小明998w,1008,11008
1001,小明999w,1009,11009
1002,小明1000w,1010,11010
1003,小明1001w,1011,11011
1004,小明1002w,1012,11012
1005,小明1003w,1013,11013
1006,小明1004w,1014,11014
1007,小明1005w,1015,11015
1008,小明1006w,1016,11016
1009,小明1007w,1017,11017
1010,小明1008w,1018,11018
1011,小明1009w,1019,11019
1012,小明1010w,1020,11020
1013,小明1011w,1021,11021
1014,小明1012w,1022,11022
1015,小明1013w,1023,11023
1016,小明1014w,1024,11024
1017,小明1015w,1025,11025
1018,小明1016w,1026,11026
1019,小明1017w,1027,11027
1020,小明1018w,1028,11028
1021,小明1019w,1029,11029
1022,小明1020w,1030,11030
1023,小明1021w,1031,11031
1024,小明1022w,1032,11032
1025,小明1023w,1033,11033
1026,小明1024w,1034,11034
1027,小明1025w,1035,11035
1028,小明1026w,1036,11036
1029,小明1027w,1037,11037
1030,小明1028w,1038,11038
1031,小明1029w,1039,11039
1032,小明1030w,1040,11040
1033,小明1031w,1041,11041
1034,小明1032w,1042,11042
1035,小明1033w,1043,11043
1036,小明1034w,1044,11044
1037,小明1035w,1045,11045
1038,小明1036w,1046,11046
1039,小明1037w,1047,11047
1040,小明1038w,1048,11048
1041,小明1039w,1049,11049
1042,小明1040w,1050,11050
1043,小明1041w,1051,11051
1044,小明1042w,1052,11052
1045,小明1043w,1053,11053
1046,小明1044w,1054,11054
1047,小明1045w,1055,11055
1048,小明1046w,1056,11056
1049,小明1047w,1057,11057
1050,小明1048w,1058,11058
1051,小明1049w,1059,11059
1052,小明1050w,1060,11060
1053,小明1051w,1061,11061
1054,小明1052w,1062,11062
1055,小明1053w,1063,11063
1056,小明1054w,1064,11064
1057,小明1055w,1065,11065
1058,小明1056w,1066,11066
1059,小明1057w,1067,11067
1060,小明1058w,1068,11068
1061,小明1059w,1069,11069
1062,小明1060w,1070,11070
1063,小明1061w,1071,11071
1064,小明1062w,1072,11072
1065,小明1063w,1073,11073
1066,小明1064w,1074,11074
1067,小明1065w,1075,11075
1068,小明1066w,1076,11076
1069,小明1067w,1077,11077
1070,小明1068w,1078,11078
1071,小明1069w,1079,11079
1072,小明1070w,1080,11080
1073,小明1071w,1081,11081
1074,小明1072w,1082,11082
1075,小明1073w,1083,11083
1076,小明1074w,1084,11084
1077,小明1075w,1085,11085
1078,小明1076w,1086,11086
1079,小明1077w,1087,11087
1080,小明1078w,1088,11088
1081,小明1079w,1089,11089
1082,小明1080w,1090,11090
1083,小明1081w,1091,11091
1084,小明1082w,1092,11092
1085,小明1083w,1093,11093
1086,小明1084w,1094,11094
1087,小明1085w,1095,11095
1088,小明1086w,1096,11096
1089,小明1087w,1097,11097
1090,小明1088w,1098,11098
1091,小明1089w,1099,11099
1092,小明1090w,1100,11100
1093,小明1091w,1101,11101
1094,小明1092w,1102,11102
1095,小明1093w,1103,11103
1096,小明1094w,1104,11104
1097,小明1095w,1105,11105
1098,小明1096w,1106,11106
1099,小明1097w,1107,11107
1100,小明1098w,1108,11108
1101,小明1099w,1109,11109
1102,小明1100w,1110,11110
1103,小明1101w,1111,11111
1104,小明1102w,1112,11112
1105,小明1103w,1113,11113
1106,小明1104w,1114,11114
1107,小明1105w,1115,11115
1108,小明1106w,1116,11116
1109,小明1107w,1117,11117
1110,小明1108w,1118,11118
1111,小明1109w,1119,11119
1112,小明1110w,1120,11120
1113,小明1111w,1121,11121
1114,小明1112w,1122,11122
1115,小明1113w,1123,11123
1116,小明1114w,1124,11124
1117,小明1115w,1125,11125
1118,小明1116w,1126,11126
1119,小明1117w,1127,11127
1120,小明1118w,1128,11128
1121,小明1119w,1129,11129
1122,小明1120w,1130,11130
1123,小明1121w,1131,11131
1124,小明1122w,1132,11132
1125,小明1123w,1133,11133
1126,小明1124w,1134,11134
1127,小明1125w,1135,11135
1128,小明1126w,1136,11136
1129,小明1127w,1137,11137
1130,小明1128w,1138,11138
1131,小明1129w,1139,11139
1132,小明1130w,1140,11140
1133,小明1131w,1141,11141
1134,小明1132w,1142,11142
1135,小明1133w,1143,11143
1136,小明1134w,1144,11144
1137,小明1135w,1145,11145
1138,小明1136w,1146,11146
1139,小明1137w,1147,11147
1140,小明1138w,1148,11148
1141,小明1139w,1149,11149
1142,小明1140w,1150,11150
1143,小明1141w,1151,11151
1144,小明1142w,1152,11152
1145,小明1143w,1153,11153
1146,小明1144w,1154,11154
1147,小明1145w,1155,11155
1148,小明1146w,1156,11156
1149,小明1147w,1157,11157
1150,小明1148w,1158,11158
1151,小明1149w,1159,11159
1152,小明1150w,1160,11160
1153,小明1151w,1161,11161
1154,小明1152w,1162,11162
1155,小明1153w,1163,11163
1156,小明1154w,1164,11164
1157,小明1155w,1165,11165
1158,小明1156w,1166,11166
1159,小明1157w,1167,11167
1160,小明1158w,1168,11168
1161,小明1159w,1169,11169
1162,小明1160w,1170,11170
1163,小明1161w,1171,11171
1164,小明1162w,1172,11172
1165,小明1163w,1173,11173
1166,小明1164w,1174,11174
1167,小明1165w,1175,11175
1168,小明1166w,1176,11176
1169,小明1167w,1177,11177
1170,小明1168w,1178,11178
1171,小明1169w,1179,11179
1172,小明1170w,1180,11180
1173,小明1171w,1181,11181
1174,小明1172w,1182,11182
1175,小明1173w,1183,11183
1176,小明1174w,1184,11184
1177,小明1175w,1185,11185
1178,小明1176w,1186,11186
1179,小明1177w,1187,11187
1180,小明1178w,1188,11188
1181,小明1179w,1189,11189
1182,小明1180w,1190,11190
1183,小明1181w,1191,11191
1184,小明1182w,1192,11192
1185,小明1183w,1193,11193
1186,小明1184w,1194,11194
1187,小明1185w,1195,11195
1188,小明1186w,1196,11196
1189,小明1187w,1197,11197
1190,小明1188w,1198,11198
1191,小明1189w,1199,11199
1192,小明1190w,1200,11200
1193,小明1191w,1201,11201
1194,小明1192w,1202,11202
1195,小明1193w,1203,11203
1196,小明1194w,1204,11204
1197,小明1195w,1205,11205
1198,小明1196w,1206,11206
1199,小明1197w,1207,11207
1200,小明1198w,1208,11208
1201,小明1199w,1209,11209
1202,小明1200w,1210,11210
1203,小明1201w,1211,11211
1204,小明1202w,1212,11212
1205,小明1203w,1213,11213
1206,小明1204w,1214,11214
1207,小明1205w,1215,11215
1208,小明1206w,1216,11216
1209,小明1207w,1217,11217
1210,小明1208w,1218,11218
1211,小明1209w,1219,11219
1212,小明1210w,1220,11220
1213,小明1211w,1221,11221
1214,小明1212w,1222,11222
1215,小明1213w,1223,11223
1216,小明1214w,1224,11224
1217,小明1215w,1225,11225
1218,小明1216w,1226,11226
1219,小明1217w,1227,11227
1220,小明1218w,1228,11228
1221,小明1219w,1229,11229
1222,小明1220w,1230,11230
1223,小明1221w,1231,11231
1224,小明1222w,1232,11232
1225,小明1223w,1233,11233
1226,小明1224w,1234,11234
1227,小明1225w,1235,11235
1228,小明1226w,1236,11236
1229,小明1227w,1237,11237
1230,小明1228w,1238,11238
1231,小明1229w,1239,11239
1232,小明1230w,1240,11240
1233,小明1231w,1241,11241
1234,小明1232w,1242,11242
1235,小明1233w,1243,11243
1236,小明1234w,1244,11244
1237,小明1235w,1245,11245
1238,小明1236w,1246,11246
1239,小明1237w,1247,11247
1240,小明1238w,1248,11248
1241,小明1239w,1249,11249
1242,小明1240w,1250,11250
1243,小明1241w,1251,11251
1244,小明1242w,1252,11252
1245,小明1243w,1253,11253
1246,小明1244w,1254,11254
1247,小明1245w,1255,11255
1248,小明1246w,1256,11256
1249,小明1247w,1257,11257
1250,小明1248w,1258,11258
1251,小明1249w,1259,11259
1252,小明1250w,1260,11260
1253,小明1251w,1261,11261
1254,小明1252w,1262,11262
1255,小明1253w,1263,11263
1256,小明1254w,1264,11264
1257,小明1255w,1265,11265
1258,小明1256w,1266,11266
1259,小明1257w,1267,11267
1260,小明1258w,1268,11268
1261,小明1259w,1269,11269
1262,小明1260w,1270,11270
1263,小明1261w,1271,11271
1264,小明1262w,1272,11272
1265,小明1263w,1273,11273
1266,小明1264w,1274,11274
1267,小明1265w,1275,11275
1268,小明1266w,1276,11276
1269,小明1267w,1277,11277
1270,小明1268w,1278,11278
1271,小明1269w,1279,11279
1272,小明1270w,1280,11280
1273,小明1271w,1281,11281
1274,小明1272w,1282,11282
1275,小明1273w,1283,11283
1276,小明1274w,1284,11284
1277,小明1275w,1285,11285
1278,小明1276w,1286,11286
1279,小明1277w,1287,11287
1280,小明1278w,1288,11288
1281,小明1279w,1289,11289
1282,小明1280w,1290,11290
1283,小明1281w,1291,11291
1284,小明1282w,1292,11292
1285,小明1283w,1293,11293
1286,小明1284w,1294,11294
1287,小明1285w,1295,11295
1288,小明1286w,1296,11296
1289,小明1287w,1297,11297
1290,小明1288w,1298,11298
1291,小明1289w,1299,11299
1292,小明1290w,1300,11300
1293,小明1291w,1301,11301
1294,小明1292w,1302,11302
1295,小明1293w,1303,11303
1296,小明1294w,1304,11304
1297,小明1295w,1305,11305
1298,小明1296w,1306,11306
1299,小明1297w,1307,11307
1300,小明1298w,1308,11308
1301,小明1299w,1309,11309
1302,小明1300w,1310,11310
1303,小明1301w,1311,11311
1304,小明1302w,1312,11312
1305,小明1303w,1313,11313
1306,小明1304w,1314,11314
1307,小明1305w,1315,11315
1308,小明1306w,1316,11316
1309,小明1307w,1317,11317
1310,小明1308w,1318,11318
1311,小明1309w,1319,11319
1312,小明1310w,1320,11320
1313,小明1311w,1321,11321
1314,小明1312w,1322,11322
1315,小明1313w,1323,11323
1316,小明1314w,1324,11324
1317,小明1315w,1325,11325
1318,小明1316w,1326,11326
1319,小明1317w,1327,11327
1320,小明1318w,1328,11328
1321,小明1319w,1329,11329
1322,小明1320w,1330,11330
1323,小明1321w,1331,11331
1324,小明1322w,1332,11332
1325,小明1323w,1333,11333
1326,小明1324w,1334,11334
1327,小明1325w,1335,11335
1328,小明1326w,1336,11336
1329,小明1327w,1337,11337
1330,小明1328w,1338,11338
1331,小明1329w,1339,11339
1332,小明1330w,1340,11340
1333,小明1331w,1341,11341
1334,小明1332w,1342,11342
1335,小明1333w,1343,11343
1336,小明1334w,1344,11344
1337,小明1335w,1345,11345
1338,小明1336w,1346,11346
1339,小明1337w,1347,11347
1340,小明1338w,1348,11348
1341,小明1339w,1349,11349
1342,小明1340w,1350,11350
1343,小明1341w,1351,11351
1344,小明1342w,1352,11352
1345,小明1343w,1353,11353
1346,小明1344w,1354,11354
1347,小明1345w,1355,11355
1348,小明1346w,1356,11356
1349,小明1347w,1357,11357
1350,小明1348w,1358,11358
1351,小明1349w,1359,11359
1352,小明1350w,1360,11360
1353,小明1351w,1361,11361
1354,小明1352w,1362,11362
1355,小明1353w,1363,11363
1356,小明1354w,1364,11364
1357,小明1355w,1365,11365
1358,小明1356w,1366,11366
1359,小明1357w,1367,11367
1360,小明1358w,1368,11368
1361,小明1359w,1369,11369
1362,小明1360w,1370,11370
1363,小明1361w,1371,11371
1364,小明1362w,1372,11372
1365,小明1363w,1373,11373
1366,小明1364w,1374,11374
1367,小明1365w,1375,11375
1368,小明1366w,1376,11376
1369,小明1367w,1377,11377
1370,小明1368w,1378,11378
1371,小明1369w,1379,11379
1372,小明1370w,1380,11380
1373,小明1371w,1381,11381
1374,小明1372w,1382,11382
1375,小明1373w,1383,11383
1376,小明1374w,1384,11384
1377,小明1375w,1385,11385
1378,小明1376w,1386,11386
1379,小明1377w,1387,11387
1380,小明1378w,1388,11388
1381,小明1379w,1389,11389
1382,小明1380w,1390,11390
1383,小明1381w,1391,11391
1384,小明1382w,1392,11392
1385,小明1383w,1393,11393
1386,小明1384w,1394,11394
1387,小明1385w,1395,11395
1388,小明1386w,1396,11396
1389,小明1387w,1397,11397
1390,小明1388w,1398,11398
1391,小明1389w,1399,11399
1392,小明1390w,1400,11400
1393,小明1391w,1401,11401
1394,小明1392w,1402,11402
1395,小明1393w,1403,11403
1396,小明1394w,1404,11404
1397,小明1395w,1405,11405
1398,小明1396w,1406,11406
1399,小明1397w,1407,11407
1400,小明1398w,1408,11408
1401,小明1399w,1409,11409
1402,小明1400w,1410,11410
1403,小明1401w,1411,11411
1404,小明1402w,1412,11412
1405,小明1403w,1413,11413
1406,小明1404w,1414,11414
1407,小明1405w,1415,11415
1408,小明1406w,1416,11416
1409,小明1407w,1417,11417
1410,小明1408w,1418,11418
1411,小明1409w,1419,11419
1412,小明1410w,1420,11420
1413,小明1411w,1421,11421
1414,小明1412w,1422,11422
1415,小明1413w,1423,11423
1416,小明1414w,1424,11424
1417,小明1415w,1425,11425
1418,小明1416w,1426,11426
1419,小明1417w,1427,11427
1420,小明1418w,1428,11428
1421,小明1419w,1429,11429
1422,小明1420w,1430,11430
1423,小明1421w,1431,11431
1424,小明1422w,1432,11432
1425,小明1423w,1433,11433
1426,小明1424w,1434,11434
1427,小明1425w,1435,11435
1428,小明1426w,1436,11436
1429,小明1427w,1437,11437
1430,小明1428w,1438,11438
1431,小明1429w,1439,11439
1432,小明1430w,1440,11440
1433,小明1431w,1441,11441
1434,小明1432w,1442,11442
1435,小明1433w,1443,11443
1436,小明1434w,1444,11444
1437,小明1435w,1445,11445
1438,小明1436w,1446,11446
1439,小明1437w,1447,11447
1440,小明1438w,1448,11448
1441,小明1439w,1449,11449
1442,小明1440w,1450,11450
1443,小明1441w,1451,11451
1444,小明1442w,1452,11452
1445,小明1443w,1453,11453
1446,小明1444w,1454,11454
1447,小明1445w,1455,11455
1448,小明1446w,1456,11456
1449,小明1447w,1457,11457
1450,小明1448w,1458,11458
1451,小明1449w,1459,11459
1452,小明1450w,1460,11460
1453,小明1451w,1461,11461
1454,小明1452w,1462,11462
1455,小明1453w,1463,11463
1456,小明1454w,1464,11464
1457,小明1455w,1465,11465
1458,小明1456w,1466,11466
1459,小明1457w,1467,11467
1460,小明1458w,1468,11468
1461,小明1459w,1469,11469
1462,小明1460w,1470,11470
1463,小明1461w,1471,11471
1464,小明1462w,1472,11472
1465,小明1463w,1473,11473
1466,小明1464w,1474,11474
1467,小明1465w,1475,11475
1468,小明1466w,1476,11476
1469,小明1467w,1477,11477
1470,小明1468w,1478,11478
1471,小明1469w,1479,11479
1472,小明1470w,1480,11480
1473,小明1471w,1481,11481
1474,小明1472w,1482,11482
1475,小明1473w,1483,11483
1476,小明1474w,1484,11484
1477,小明1475w,1485,11485
1478,小明1476w,1486,11486
1479,小明1477w,1487,11487
1480,小明1478w,1488,11488
1481,小明1479w,1489,11489
1482,小明1480w,1490,11490
1483,小明1481w,1491,11491
1484,小明1482w,1492,11492
1485,小明1483w,1493,11493
1486,小明1484w,1494,11494
1487,小明1485w,1495,11495
1488,小明1486w,1496,11496
1489,小明1487w,1497,11497
1490,小明1488w,1498,11498
1491,小明1489w,1499,11499
1492,小明1490w,1500,11500
1493,小明1491w,1501,11501
1494,小明1492w,1502,11502
1495,小明1493w,1503,11503
1496,小明1494w,1504,11504
1497,小明1495w,1505,11505
1498,小明1496w,1506,11506
1499,小明1497w,1507,11507
1500,小明1498w,1508,11508
1501,小明1499w,1509,11509
1502,小明1500w,1510,11510
1503,小明1501w,1511,11511
1504,小明1502w,1512,11512
1505,小明1503w,1513,11513
1506,小明1504w,1514,11514
1507,小明1505w,1515,11515
1508,小明1506w,1516,11516
1509,小明1507w,1517,11517
1510,小明1508w,1518,11518
1511,小明1509w,1519,11519
1512,小明1510w,1520,11520
1513,小明1511w,1521,11521
1514,小明1512w,1522,11522
1515,小明1513w,1523,11523
1516,小明1514w,1524,11524
1517,小明1515w,1525,11525
1518,小明1516w,1526,11526
1519,小明1517w,1527,11527
1520,小明1518w,1528,11528
1521,小明1519w,1529,11529
1522,小明1520w,1530,11530
1523,小明1521w,1531,11531
1524,小明1522w,1532,11532
1525,小明1523w,1533,11533
1526,小明1524w,1534,11534
1527,小明1525w,1535,11535
1528,小明1526w,1536,11536
1529,小明1527w,1537,11537
1530,小明1528w,1538,11538
1531,小明1529w,1539,11539
1532,小明1530w,1540,11540
1533,小明1531w,1541,11541
1534,小明1532w,1542,11542
1535,小明1533w,1543,11543
1536,小明1534w,1544,11544
1537,小明1535w,1545,11545
1538,小明1536w,1546,11546
1539,小明1537w,1547,11547
1540,小明1538w,1548,11548
1541,小明1539w,1549,11549
1542,小明1540w,1550,11550
1543,小明1541w,1551,11551
1544,小明1542w,1552,11552
1545,小明1543w,1553,11553
1546,小明1544w,1554,11554
1547,小明1545w,1555,11555
1548,小明1546w,1556,11556
1549,小明1547w,1557,11557
1550,小明1548w,1558,11558
1551,小明1549w,1559,11559
1552,小明1550w,1560,11560
1553,小明1551w,1561,11561
1554,小明1552w,1562,11562
1555,小明1553w,1563,11563
1556,小明1554w,1564,11564
1557,小明1555w,1565,11565
1558,小明1556w,1566,11566
1559,小明1557w,1567,11567
1560,小明1558w,1568,11568
1561,小明1559w,1569,11569
1562,小明1560w,1570,11570
1563,小明1561w,1571,11571
1564,小明1562w,1572,11572
1565,小明1563w,1573,11573
1566,小明1564w,1574,11574
1567,小明1565w,1575,11575
1568,小明1566w,1576,11576
1569,小明1567w,1577,11577
1570,小明1568w,1578,11578
1571,小明1569w,1579,11579
1572,小明1570w,1580,11580
1573,小明1571w,1581,11581
1574,小明1572w,1582,11582
1575,小明1573w,1583,11583
1576,小明1574w,1584,11584
1577,小明1575w,1585,11585
1578,小明1576w,1586,11586
1579,小明1577w,1587,11587
1580,小明1578w,1588,11588
1581,小明1579w,1589,11589
1582,小明1580w,1590,11590
1583,小明1581w,1591,11591
1584,小明1582w,1592,11592
1585,小明1583w,1593,11593
1586,小明1584w,1594,11594
1587,小明1585w,1595,11595
1588,小明1586w,1596,11596
1589,小明1587w,1597,11597
1590,小明1588w,1598,11598
1591,小明1589w,1599,11599
1592,小明1590w,1600,11600
1593,小明1591w,1601,11601
1594,小明1592w,1602,11602
1595,小明1593w,1603,11603
1596,小明1594w,1604,11604
1597,小明1595w,1605,11605
1598,小明1596w,1606,11606
1599,小明1597w,1607,11607
1600,小明1598w,1608,11608
1601,小明1599w,1609,11609
1602,小明1600w,1610,11610
1603,小明1601w,1611,11611
1604,小明1602w,1612,11612
1605,小明1603w,1613,11613
1606,小明1604w,1614,11614
1607,小明1605w,1615,11615
1608,小明1606w,1616,11616
1609,小明1607w,1617,11617
1610,小明1608w,1618,11618
1611,小明1609w,1619,11619
1612,小明1610w,1620,11620
1613,小明1611w,1621,11621
1614,小明1612w,1622,11622
1615,小明1613w,1623,11623
1616,小明1614w,1624,11624
1617,小明1615w,1625,11625
1618,小明1616w,1626,11626
1619,小明1617w,1627,11627
1620,小明1618w,1628,11628
1621,小明1619w,1629,11629
1622,小明1620w,1630,11630
1623,小明1621w,1631,11631
1624,小明1622w,1632,11632
1625,小明1623w,1633,11633
1626,小明1624w,1634,11634
1627,小明1625w,1635,11635
1628,小明1626w,1636,11636
1629,小明1627w,1637,11637
1630,小明1628w,1638,11638
1631,小明1629w,1639,11639
1632,小明1630w,1640,11640
1633,小明1631w,1641,11641
1634,小明1632w,1642,11642
1635,小明1633w,1643,11643
1636,小明1634w,1644,11644
1637,小明1635w,1645,11645
1638,小明1636w,1646,11646
1639,小明1637w,1647,11647
1640,小明1638w,1648,11648
1641,小明1639w,1649,11649
1642,小明1640w,1650,11650
1643,小明1641w,1651,11651
1644,小明1642w,1652,11652
1645,小明1643w,1653,11653
1646,小明1644w,1654,11654
1647,小明1645w,1655,11655
1648,小明1646w,1656,11656
1649,小明1647w,1657,11657
1650,小明1648w,1658,11658
1651,小明1649w,1659,11659
1652,小明1650w,1660,11660
1653,小明1651w,1661,11661
1654,小明1652w,1662,11662
1655,小明1653w,1663,11663
1656,小明1654w,1664,11664
1657,小明1655w,1665,11665
1658,小明1656w,1666,11666
1659,小明1657w,1667,11667
1660,小明1658w,1668,11668
1661,小明1659w,1669,11669
1662,小明1660w,1670,11670
1663,小明1661w,1671,11671
1664,小明1662w,1672,11672
1665,小明1663w,1673,11673
1666,小明1664w,1674,11674
1667,小明1665w,1675,11675
1668,小明1666w,1676,11676
1669,小明1667w,1677,11677
1670,小明1668w,1678,11678
1671,小明1669w,1679,11679
1672,小明1670w,1680,11680
1673,小明1671w,1681,11681
1674,小明1672w,1682,11682
1675,小明1673w,1683,11683
1676,小明1674w,1684,11684
1677,小明1675w,1685,11685
1678,小明1676w,1686,11686
1679,小明1677w,1687,11687
1680,小明1678w,1688,11688
1681,小明1679w,1689,11689
1682,小明1680w,1690,11690
1683,小明1681w,1691,11691
1684,小明1682w,1692,11692
1685,小明1683w,1693,11693
1686,小明1684w,1694,11694
1687,小明1685w,1695,11695
1688,小明1686w,1696,11696
1689,小明1687w,1697,11697
1690,小明1688w,1698,11698
1691,小明1689w,1699,11699
1692,小明1690w,1700,11700
1693,小明1691w,1701,11701
1694,小明1692w,1702,11702
1695,小明1693w,1703,11703
1696,小明1694w,1704,11704
1697,小明1695w,1705,11705
1698,小明1696w,1706,11706
1699,小明1697w,1707,11707
1700,小明1698w,1708,11708
1701,小明1699w,1709,11709
1702,小明1700w,1710,11710
1703,小明1701w,1711,11711
1704,小明1702w,1712,11712
1705,小明1703w,1713,11713
1706,小明1704w,1714,11714
1707,小明1705w,1715,11715
1708,小明1706w,1716,11716
1709,小明1707w,1717,11717
1710,小明1708w,1718,11718
1711,小明1709w,1719,11719
1712,小明1710w,1720,11720
1713,小明1711w,1721,11721
1714,小明1712w,1722,11722
1715,小明1713w,1723,11723
1716,小明1714w,1724,11724
1717,小明1715w,1725,11725
1718,小明1716w,1726,11726
1719,小明1717w,1727,11727
1720,小明1718w,1728,11728
1721,小明1719w,1729,11729
1722,小明1720w,1730,11730
1723,小明1721w,1731,11731
1724,小明1722w,1732,11732
1725,小明1723w,1733,11733
1726,小明1724w,1734,11734
1727,小明1725w,1735,11735
1728,小明1726w,1736,11736
1729,小明1727w,1737,11737
1730,小明1728w,1738,11738
1731,小明1729w,1739,11739
1732,小明1730w,1740,11740
1733,小明1731w,1741,11741
1734,小明1732w,1742,11742
1735,小明1733w,1743,11743
1736,小明1734w,1744,11744
1737,小明1735w,1745,11745
1738,小明1736w,1746,11746
1739,小明1737w,1747,11747
1740,小明1738w,1748,11748
1741,小明1739w,1749,11749
1742,小明1740w,1750,11750
1743,小明1741w,1751,11751
1744,小明1742w,1752,11752
1745,小明1743w,1753,11753
1746,小明1744w,1754,11754
1747,小明1745w,1755,11755
1748,小明1746w,1756,11756
1749,小明1747w,1757,11757
1750,小明1748w,1758,11758
1751,小明1749w,1759,11759
1752,小明1750w,1760,11760
1753,小明1751w,1761,11761
1754,小明1752w,1762,11762
1755,小明1753w,1763,11763
1756,小明1754w,1764,11764
1757,小明1755w,1765,11765
1758,小明1756w,1766,11766
1759,小明1757w,1767,11767
1760,小明1758w,1768,11768
1761,小明1759w,1769,11769
1762,小明1760w,1770,11770
1763,小明1761w,1771,11771
1764,小明1762w,1772,11772
1765,小明1763w,1773,11773
1766,小明1764w,1774,11774
1767,小明1765w,1775,11775
1768,小明1766w,1776,11776
1769,小明1767w,1777,11777
1770,小明1768w,1778,11778
1771,小明1769w,1779,11779
1772,小明1770w,1780,11780
1773,小明1771w,1781,11781
1774,小明1772w,1782,11782
1775,小明1773w,1783,11783
1776,小明1774w,1784,11784
1777,小明1775w,1785,11785
1778,小明1776w,1786,11786
1779,小明1777w,1787,11787
1780,小明1778w,1788,11788
1781,小明1779w,1789,11789
1782,小明1780w,1790,11790
1783,小明1781w,1791,11791
1784,小明1782w,1792,11792
1785,小明1783w,1793,11793
1786,小明1784w,1794,11794
1787,小明1785w,1795,11795
1788,小明1786w,1796,11796
1789,小明1787w,1797,11797
1790,小明1788w,1798,11798
1791,小明1789w,1799,11799
1792,小明1790w,1800,11800
1793,小明1791w,1801,11801
1794,小明1792w,1802,11802
1795,小明1793w,1803,11803
1796,小明1794w,1804,11804
1797,小明1795w,1805,11805
1798,小明1796w,1806,11806
1799,小明1797w,1807,11807
1800,小明1798w,1808,11808
1801,小明1799w,1809,11809
1802,小明1800w,1810,11810
1803,小明1801w,1811,11811
1804,小明1802w,1812,11812
1805,小明1803w,1813,11813
1806,小明1804w,1814,11814
1807,小明1805w,1815,11815
1808,小明1806w,1816,11816
1809,小明1807w,1817,11817
1810,小明1808w,1818,11818
1811,小明1809w,1819,11819
1812,小明1810w,1820,11820
1813,小明1811w,1821,11821
1814,小明1812w,1822,11822
1815,小明1813w,1823,11823
1816,小明1814w,1824,11824
1817,小明1815w,1825,11825
1818,小明1816w,1826,11826
1819,小明1817w,1827,11827
1820,小明1818w,1828,11828
1821,小明1819w,1829,11829
1822,小明1820w,1830,11830
1823,小明1821w,1831,11831
1824,小明1822w,1832,11832
1825,小明1823w,1833,11833
1826,小明1824w,1834,11834
1827,小明1825w,1835,11835
1828,小明1826w,1836,11836
1829,小明1827w,1837,11837
1830,小明1828w,1838,11838
1831,小明1829w,1839,11839
1832,小明1830w,1840,11840
1833,小明1831w,1841,11841
1834,小明1832w,1842,11842
1835,小明1833w,1843,11843
1836,小明1834w,1844,11844
1837,小明1835w,1845,11845
1838,小明1836w,1846,11846
1839,小明1837w,1847,11847
1840,小明1838w,1848,11848
1841,小明1839w,1849,11849
1842,小明1840w,1850,11850
1843,小明1841w,1851,11851
1844,小明1842w,1852,11852
1845,小明1843w,1853,11853
1846,小明1844w,1854,11854
1847,小明1845w,1855,11855
1848,小明1846w,1856,11856
1849,小明1847w,1857,11857
1850,小明1848w,1858,11858
1851,小明1849w,1859,11859
1852,小明1850w,1860,11860
1853,小明1851w,1861,11861
1854,小明1852w,1862,11862
1855,小明1853w,1863,11863
1856,小明1854w,1864,11864
1857,小明1855w,1865,11865
1858,小明1856w,1866,11866
1859,小明1857w,1867,11867
1860,小明1858w,1868,11868
1861,小明1859w,1869,11869
1862,小明1860w,1870,11870
1863,小明1861w,1871,11871
1864,小明1862w,1872,11872
1865,小明1863w,1873,11873
1866,小明1864w,1874,11874
1867,小明1865w,1875,11875
1868,小明1866w,1876,11876
1869,小明1867w,1877,11877
1870,小明1868w,1878,11878
1871,小明1869w,1879,11879
1872,小明1870w,1880,11880
1873,小明1871w,1881,11881
1874,小明1872w,1882,11882
1875,小明1873w,1883,11883
1876,小明1874w,1884,11884
1877,小明1875w,1885,11885
1878,小明1876w,1886,11886
1879,小明1877w,1887,11887
1880,小明1878w,1888,11888
1881,小明1879w,1889,11889
1882,小明1880w,1890,11890
1883,小明1881w,1891,11891
1884,小明1882w,1892,11892
1885,小明1883w,1893,11893
1886,小明1884w,1894,11894
1887,小明1885w,1895,11895
1888,小明1886w,1896,11896
1889,小明1887w,1897,11897
1890,小明1888w,1898,11898
1891,小明1889w,1899,11899
1892,小明1890w,1900,11900
1893,小明1891w,1901,11901
1894,小明1892w,1902,11902
1895,小明1893w,1903,11903
1896,小明1894w,1904,11904
1897,小明1895w,1905,11905
1898,小明1896w,1906,11906
1899,小明1897w,1907,11907
1900,小明1898w,1908,11908
1901,小明1899w,1909,11909
1902,小明1900w,1910,11910
1903,小明1901w,1911,11911
1904,小明1902w,1912,11912
1905,小明1903w,1913,11913
1906,小明1904w,1914,11914
1907,小明1905w,1915,11915
1908,小明1906w,1916,11916
1909,小明1907w,1917,11917
1910,小明1908w,1918,11918
1911,小明1909w,1919,11919
1912,小明1910w,1920,11920
1913,小明1911w,1921,11921
1914,小明1912w,1922,11922
1915,小明1913w,1923,11923
1916,小明1914w,1924,11924
1917,小明1915w,1925,11925
1918,小明1916w,1926,11926
1919,小明1917w,1927,11927
1920,小明1918w,1928,11928
1921,小明1919w,1929,11929
1922,小明1920w,1930,11930
1923,小明1921w,1931,11931
1924,小明1922w,1932,11932
1925,小明1923w,1933,11933
1926,小明1924w,1934,11934
1927,小明1925w,1935,11935
1928,小明1926w,1936,11936
1929,小明1927w,1937,11937
1930,小明1928w,1938,11938
1931,小明1929w,1939,11939
1932,小明1930w,1940,11940
1933,小明1931w,1941,11941
1934,小明1932w,1942,11942
1935,小明1933w,1943,11943
1936,小明1934w,1944,11944
1937,小明1935w,1945,11945
1938,小明1936w,1946,11946
1939,小明1937w,1947,11947
1940,小明1938w,1948,11948
1941,小明1939w,1949,11949
1942,小明1940w,1950,11950
1943,小明1941w,1951,11951
1944,小明1942w,1952,11952
1945,小明1943w,1953,11953
1946,小明1944w,1954,11954
1947,小明1945w,1955,11955
1948,小明1946w,1956,11956
1949,小明1947w,1957,11957
1950,小明1948w,1958,11958
1951,小明1949w,1959,11959
1952,小明1950w,1960,11960
1953,小明1951w,1961,11961
1954,小明1952w,1962,11962
1955,小明1953w,1963,11963
1956,小明1954w,1964,11964
1957,小明1955w,1965,11965
1958,小明1956w,1966,11966
1959,小明1957w,1967,11967
1960,小明1958w,1968,11968
1961,小明1959w,1969,11969
1962,小明1960w,1970,11970
1963,小明1961w,1971,11971
1964,小明1962w,1972,11972
1965,小明1963w,1973,11973
1966,小明1964w,1974,11974
1967,小明1965w,1975,11975
1968,小明1966w,1976,11976
1969,小明1967w,1977,11977
1970,小明1968w,1978,11978
1971,小明1969w,1979,11979
1972,小明1970w,1980,11980
1973,小明1971w,1981,11981
1974,小明1972w,1982,11982
1975,小明1973w,1983,11983
1976,小明1974w,1984,11984
1977,小明1975w,1985,11985
1978,小明1976w,1986,11986
1979,小明1977w,1987,11987
1980,小明1978w,1988,11988
1981,小明1979w,1989,11989
1982,小明1980w,1990,11990
1983,小明1981w,1991,11991
1984,小明1982w,1992,11992
1985,小明1983w,1993,11993
1986,小明1984w,1994,11994
1987,小明1985w,1995,11995
1988,小明1986w,1996,11996
1989,小明1987w,1997,11997
1990,小明1988w,1998,11998
1991,小明1989w,1999,11999
1992,小明1990w,2000,12000
1993,小明1991w,2001,12001
1994,小明1992w,2002,12002
1995,小明1993w,2003,12003
1996,小明1994w,2004,12004
1997,小明1995w,2005,12005
1998,小明1996w,2006,12006
1999,小明1997w,2007,12007
2000,小明1998w,2008,12008
2001,小明1999w,2009,12009
2002,小明2000w,2010,12010
2003,小明2001w,2011,12011
2004,小明2002w,2012,12012
2005,小明2003w,2013,12013
2006,小明2004w,2014,12014
2007,小明2005w,2015,12015
2008,小明2006w,2016,12016
2009,小明2007w,2017,12017
2010,小明2008w,2018,12018
2011,小明2009w,2019,12019
2012,小明2010w,2020,12020
2013,小明2011w,2021,12021
2014,小明2012w,2022,12022
2015,小明2013w,2023,12023
2016,小明2014w,2024,12024
2017,小明2015w,2025,12025
2018,小明2016w,2026,12026
2019,小明2017w,2027,12027
2020,小明2018w,2028,12028
2021,小明2019w,2029,12029
2022,小明2020w,2030,12030
2023,小明2021w,2031,12031
2024,小明2022w,2032,12032
2025,小明2023w,2033,12033
2026,小明2024w,2034,12034
2027,小明2025w,2035,12035
2028,小明2026w,2036,12036
2029,小明2027w,2037,12037
2030,小明2028w,2038,12038
2031,小明2029w,2039,12039
2032,小明2030w,2040,12040
2033,小明2031w,2041,12041
2034,小明2032w,2042,12042
2035,小明2033w,2043,12043
2036,小明2034w,2044,12044
2037,小明2035w,2045,12045
2038,小明2036w,2046,12046
2039,小明2037w,2047,12047
2040,小明2038w,2048,12048
2041,小明2039w,2049,12049
2042,小明2040w,2050,12050
2043,小明2041w,2051,12051
2044,小明2042w,2052,12052
2045,小明2043w,2053,12053
2046,小明2044w,2054,12054
2047,小明2045w,2055,12055
2048,小明2046w,2056,12056
2049,小明2047w,2057,12057
2050,小明2048w,2058,12058
2051,小明2049w,2059,12059
2052,小明2050w,2060,12060
2053,小明2051w,2061,12061
2054,小明2052w,2062,12062
2055,小明2053w,2063,12063
2056,小明2054w,2064,12064
2057,小明2055w,2065,12065
2058,小明2056w,2066,12066
2059,小明2057w,2067,12067
2060,小明2058w,2068,12068
2061,小明2059w,2069,12069
2062,小明2060w,2070,12070
2063,小明2061w,2071,12071
2064,小明2062w,2072,12072
2065,小明2063w,2073,12073
2066,小明2064w,2074,12074
2067,小明2065w,2075,12075
2068,小明2066w,2076,12076
2069,小明2067w,2077,12077
2070,小明2068w,2078,12078
2071,小明2069w,2079,12079
2072,小明2070w,2080,12080
2073,小明2071w,2081,12081
2074,小明2072w,2082,12082
2075,小明2073w,2083,12083
2076,小明2074w,2084,12084
2077,小明2075w,2085,12085
2078,小明2076w,2086,12086
2079,小明2077w,2087,12087
2080,小明2078w,2088,12088
2081,小明2079w,2089,12089
2082,小明2080w,2090,12090
2083,小明2081w,2091,12091
2084,小明2082w,2092,12092
2085,小明2083w,2093,12093
2086,小明2084w,2094,12094
2087,小明2085w,2095,12095
2088,小明2086w,2096,12096
2089,小明2087w,2097,12097
2090,小明2088w,2098,12098
2091,小明2089w,2099,12099
2092,小明2090w,2100,12100
2093,小明2091w,2101,12101
2094,小明2092w,2102,12102
2095,小明2093w,2103,12103
2096,小明2094w,2104,12104
2097,小明2095w,2105,12105
2098,小明2096w,2106,12106
2099,小明2097w,2107,12107
2100,小明2098w,2108,12108
2101,小明2099w,2109,12109
2102,小明2100w,2110,12110
2103,小明2101w,2111,12111
2104,小明2102w,2112,12112
2105,小明2103w,2113,12113
2106,小明2104w,2114,12114
2107,小明2105w,2115,12115
2108,小明2106w,2116,12116
2109,小明2107w,2117,12117
2110,小明2108w,2118,12118
2111,小明2109w,2119,12119
2112,小明2110w,2120,12120
2113,小明2111w,2121,12121
2114,小明2112w,2122,12122
2115,小明2113w,2123,12123
2116,小明2114w,2124,12124
2117,小明2115w,2125,12125
2118,小明2116w,2126,12126
2119,小明2117w,2127,12127
2120,小明2118w,2128,12128
2121,小明2119w,2129,12129
2122,小明2120w,2130,12130
2123,小明2121w,2131,12131
2124,小明2122w,2132,12132
2125,小明2123w,2133,12133
2126,小明2124w,2134,12134
2127,小明2125w,2135,12135
2128,小明2126w,2136,12136
2129,小明2127w,2137,12137
2130,小明2128w,2138,12138
2131,小明2129w,2139,12139
2132,小明2130w,2140,12140
2133,小明2131w,2141,12141
2134,小明2132w,2142,12142
2135,小明2133w,2143,12143
2136,小明2134w,2144,12144
2137,小明2135w,2145,12145
2138,小明2136w,2146,12146
2139,小明2137w,2147,12147
2140,小明2138w,2148,12148
2141,小明2139w,2149,12149
2142,小明2140w,2150,12150
2143,小明2141w,2151,12151
2144,小明2142w,2152,12152
2145,小明2143w,2153,12153
2146,小明2144w,2154,12154
2147,小明2145w,2155,12155
2148,小明2146w,2156,12156
2149,小明2147w,2157,12157
2150,小明2148w,2158,12158
2151,小明2149w,2159,12159
2152,小明2150w,2160,12160
2153,小明2151w,2161,12161
2154,小明2152w,2162,12162
2155,小明2153w,2163,12163
2156,小明2154w,2164,12164
2157,小明2155w,2165,12165
2158,小明2156w,2166,12166
2159,小明2157w,2167,12167
2160,小明2158w,2168,12168
2161,小明2159w,2169,12169
2162,小明2160w,2170,12170
2163,小明2161w,2171,12171
2164,小明2162w,2172,12172
2165,小明2163w,2173,12173
2166,小明2164w,2174,12174
2167,小明2165w,2175,12175
2168,小明2166w,2176,12176
2169,小明2167w,2177,12177
2170,小明2168w,2178,12178
2171,小明2169w,2179,12179
2172,小明2170w,2180,12180
2173,小明2171w,2181,12181
2174,小明2172w,2182,12182
2175,小明2173w,2183,12183
2176,小明2174w,2184,12184
2177,小明2175w,2185,12185
2178,小明2176w,2186,12186
2179,小明2177w,2187,12187
2180,小明2178w,2188,12188
2181,小明2179w,2189,12189
2182,小明2180w,2190,12190
2183,小明2181w,2191,12191
2184,小明2182w,2192,12192
2185,小明2183w,2193,12193
2186,小明2184w,2194,12194
2187,小明2185w,2195,12195
2188,小明2186w,2196,12196
2189,小明2187w,2197,12197
2190,小明2188w,2198,12198
2191,小明2189w,2199,12199
2192,小明2190w,2200,12200
2193,小明2191w,2201,12201
2194,小明2192w,2202,12202
2195,小明2193w,2203,12203
2196,小明2194w,2204,12204
2197,小明2195w,2205,12205
2198,小明2196w,2206,12206
2199,小明2197w,2207,12207
2200,小明2198w,2208,12208
2201,小明2199w,2209,12209
2202,小明2200w,2210,12210
2203,小明2201w,2211,12211
2204,小明2202w,2212,12212
2205,小明2203w,2213,12213
2206,小明2204w,2214,12214
2207,小明2205w,2215,12215
2208,小明2206w,2216,12216
2209,小明2207w,2217,12217
2210,小明2208w,2218,12218
2211,小明2209w,2219,12219
2212,小明2210w,2220,12220
2213,小明2211w,2221,12221
2214,小明2212w,2222,12222
2215,小明2213w,2223,12223
2216,小明2214w,2224,12224
2217,小明2215w,2225,12225
2218,小明2216w,2226,12226
2219,小明2217w,2227,12227
2220,小明2218w,2228,12228
2221,小明2219w,2229,12229
2222,小明2220w,2230,12230
2223,小明2221w,2231,12231
2224,小明2222w,2232,12232
2225,小明2223w,2233,12233
2226,小明2224w,2234,12234
2227,小明2225w,2235,12235
2228,小明2226w,2236,12236
2229,小明2227w,2237,12237
2230,小明2228w,2238,12238
2231,小明2229w,2239,12239
2232,小明2230w,2240,12240
2233,小明2231w,2241,12241
2234,小明2232w,2242,12242
2235,小明2233w,2243,12243
2236,小明2234w,2244,12244
2237,小明2235w,2245,12245
2238,小明2236w,2246,12246
2239,小明2237w,2247,12247
2240,小明2238w,2248,12248
2241,小明2239w,2249,12249
2242,小明2240w,2250,12250
2243,小明2241w,2251,12251
2244,小明2242w,2252,12252
2245,小明2243w,2253,12253
2246,小明2244w,2254,12254
2247,小明2245w,2255,12255
2248,小明2246w,2256,12256
2249,小明2247w,2257,12257
2250,小明2248w,2258,12258
2251,小明2249w,2259,12259
2252,小明2250w,2260,12260
2253,小明2251w,2261,12261
2254,小明2252w,2262,12262
2255,小明2253w,2263,12263
2256,小明2254w,2264,12264
2257,小明2255w,2265,12265
2258,小明2256w,2266,12266
2259,小明2257w,2267,12267
2260,小明2258w,2268,12268
2261,小明2259w,2269,12269
2262,小明2260w,2270,12270
2263,小明2261w,2271,12271
2264,小明2262w,2272,12272
2265,小明2263w,2273,12273
2266,小明2264w,2274,12274
2267,小明2265w,2275,12275
2268,小明2266w,2276,12276
2269,小明2267w,2277,12277
2270,小明2268w,2278,12278
2271,小明2269w,2279,12279
2272,小明2270w,2280,12280
2273,小明2271w,2281,12281
2274,小明2272w,2282,12282
2275,小明2273w,2283,12283
2276,小明2274w,2284,12284
2277,小明2275w,2285,12285
2278,小明2276w,2286,12286
2279,小明2277w,2287,12287
2280,小明2278w,2288,12288
2281,小明2279w,2289,12289
2282,小明2280w,2290,12290
2283,小明2281w,2291,12291
2284,小明2282w,2292,12292
2285,小明2283w,2293,12293
2286,小明2284w,2294,12294
2287,小明2285w,2295,12295
2288,小明2286w,2296,12296
2289,小明2287w,2297,12297
2290,小明2288w,2298,12298
2291,小明2289w,2299,12299
2292,小明2290w,2300,12300
2293,小明2291w,2301,12301
2294,小明2292w,2302,12302
2295,小明2293w,2303,12303
2296,小明2294w,2304,12304
2297,小明2295w,2305,12305
2298,小明2296w,2306,12306
2299,小明2297w,2307,12307
2300,小明2298w,2308,12308
2301,小明2299w,2309,12309
2302,小明2300w,2310,12310
2303,小明2301w,2311,12311
2304,小明2302w,2312,12312
2305,小明2303w,2313,12313
2306,小明2304w,2314,12314
2307,小明2305w,2315,12315
2308,小明2306w,2316,12316
2309,小明2307w,2317,12317
2310,小明2308w,2318,12318
2311,小明2309w,2319,12319
2312,小明2310w,2320,12320
2313,小明2311w,2321,12321
2314,小明2312w,2322,12322
2315,小明2313w,2323,12323
2316,小明2314w,2324,12324
2317,小明2315w,2325,12325
2318,小明2316w,2326,12326
2319,小明2317w,2327,12327
2320,小明2318w,2328,12328
2321,小明2319w,2329,12329
2322,小明2320w,2330,12330
2323,小明2321w,2331,12331
2324,小明2322w,2332,12332
2325,小明2323w,2333,12333
2326,小明2324w,2334,12334
2327,小明2325w,2335,12335
2328,小明2326w,2336,12336
2329,小明2327w,2337,12337
2330,小明2328w,2338,12338
2331,小明2329w,2339,12339
2332,小明2330w,2340,12340
2333,小明2331w,2341,12341
2334,小明2332w,2342,12342
2335,小明2333w,2343,12343
2336,小明2334w,2344,12344
2337,小明2335w,2345,12345
2338,小明2336w,2346,12346
2339,小明2337w,2347,12347
2340,小明2338w,2348,12348
2341,小明2339w,2349,12349
2342,小明2340w,2350,12350
2343,小明2341w,2351,12351
2344,小明2342w,2352,12352
2345,小明2343w,2353,12353
2346,小明2344w,2354,12354
2347,小明2345w,2355,12355
2348,小明2346w,2356,12356
2349,小明2347w,2357,12357
2350,小明2348w,2358,12358
2351,小明2349w,2359,12359
2352,小明2350w,2360,12360
2353,小明2351w,2361,12361
2354,小明2352w,2362,12362
2355,小明2353w,2363,12363
2356,小明2354w,2364,12364
2357,小明2355w,2365,12365
2358,小明2356w,2366,12366
2359,小明2357w,2367,12367
2360,小明2358w,2368,12368
2361,小明2359w,2369,12369
2362,小明2360w,2370,12370
2363,小明2361w,2371,12371
2364,小明2362w,2372,12372
2365,小明2363w,2373,12373
2366,小明2364w,2374,12374
2367,小明2365w,2375,12375
2368,小明2366w,2376,12376
2369,小明2367w,2377,12377
2370,小明2368w,2378,12378
2371,小明2369w,2379,12379
2372,小明2370w,2380,12380
2373,小明2371w,2381,12381
2374,小明2372w,2382,12382
2375,小明2373w,2383,12383
2376,小明2374w,2384,12384
2377,小明2375w,2385,12385
2378,小明2376w,2386,12386
2379,小明2377w,2387,12387
2380,小明2378w,2388,12388
2381,小明2379w,2389,12389
2382,小明2380w,2390,12390
2383,小明2381w,2391,12391
2384,小明2382w,2392,12392
2385,小明2383w,2393,12393
2386,小明2384w,2394,12394
2387,小明2385w,2395,12395
2388,小明2386w,2396,12396
2389,小明2387w,2397,12397
2390,小明2388w,2398,12398
2391,小明2389w,2399,12399
2392,小明2390w,2400,12400
2393,小明2391w,2401,12401
2394,小明2392w,2402,12402
2395,小明2393w,2403,12403
2396,小明2394w,2404,12404
2397,小明2395w,2405,12405
2398,小明2396w,2406,12406
2399,小明2397w,2407,12407
2400,小明2398w,2408,12408
2401,小明2399w,2409,12409
2402,小明2400w,2410,12410
2403,小明2401w,2411,12411
2404,小明2402w,2412,12412
2405,小明2403w,2413,12413
2406,小明2404w,2414,12414
2407,小明2405w,2415,12415
2408,小明2406w,2416,12416
2409,小明2407w,2417,12417
2410,小明2408w,2418,12418
2411,小明2409w,2419,12419
2412,小明2410w,2420,12420
2413,小明2411w,2421,12421
2414,小明2412w,2422,12422
2415,小明2413w,2423,12423
2416,小明2414w,2424,12424
2417,小明2415w,2425,12425
2418,小明2416w,2426,12426
2419,小明2417w,2427,12427
2420,小明2418w,2428,12428
2421,小明2419w,2429,12429
2422,小明2420w,2430,12430
2423,小明2421w,2431,12431
2424,小明2422w,2432,12432
2425,小明2423w,2433,12433
2426,小明2424w,2434,12434
2427,小明2425w,2435,12435
2428,小明2426w,2436,12436
2429,小明2427w,2437,12437
2430,小明2428w,2438,12438
2431,小明2429w,2439,12439
2432,小明2430w,2440,12440
2433,小明2431w,2441,12441
2434,小明2432w,2442,12442
2435,小明2433w,2443,12443
2436,小明2434w,2444,12444
2437,小明2435w,2445,12445
2438,小明2436w,2446,12446
2439,小明2437w,2447,12447
2440,小明2438w,2448,12448
2441,小明2439w,2449,12449
2442,小明2440w,2450,12450
2443,小明2441w,2451,12451
2444,小明2442w,2452,12452
2445,小明2443w,2453,12453
2446,小明2444w,2454,12454
2447,小明2445w,2455,12455
2448,小明2446w,2456,12456
2449,小明2447w,2457,12457
2450,小明2448w,2458,12458
2451,小明2449w,2459,12459
2452,小明2450w,2460,12460
2453,小明2451w,2461,12461
2454,小明2452w,2462,12462
2455,小明2453w,2463,12463
2456,小明2454w,2464,12464
2457,小明2455w,2465,12465
2458,小明2456w,2466,12466
2459,小明2457w,2467,12467
2460,小明2458w,2468,12468
2461,小明2459w,2469,12469
2462,小明2460w,2470,12470
2463,小明2461w,2471,12471
2464,小明2462w,2472,12472
2465,小明2463w,2473,12473
2466,小明2464w,2474,12474
2467,小明2465w,2475,12475
2468,小明2466w,2476,12476
2469,小明2467w,2477,12477
2470,小明2468w,2478,12478
2471,小明2469w,2479,12479
2472,小明2470w,2480,12480
2473,小明2471w,2481,12481
2474,小明2472w,2482,12482
2475,小明2473w,2483,12483
2476,小明2474w,2484,12484
2477,小明2475w,2485,12485
2478,小明2476w,2486,12486
2479,小明2477w,2487,12487
2480,小明2478w,2488,12488
2481,小明2479w,2489,12489
2482,小明2480w,2490,12490
2483,小明2481w,2491,12491
2484,小明2482w,2492,12492
2485,小明2483w,2493,12493
2486,小明2484w,2494,12494
2487,小明2485w,2495,12495
2488,小明2486w,2496,12496
2489,小明2487w,2497,12497
2490,小明2488w,2498,12498
2491,小明2489w,2499,12499
2492,小明2490w,2500,12500
2493,小明2491w,2501,12501
2494,小明2492w,2502,12502
2495,小明2493w,2503,12503
2496,小明2494w,2504,12504
2497,小明2495w,2505,12505
2498,小明2496w,2506,12506
2499,小明2497w,2507,12507
2500,小明2498w,2508,12508
2501,小明2499w,2509,12509
2502,小明2500w,2510,12510
2503,小明2501w,2511,12511
2504,小明2502w,2512,12512
2505,小明2503w,2513,12513
2506,小明2504w,2514,12514
2507,小明2505w,2515,12515
2508,小明2506w,2516,12516
2509,小明2507w,2517,12517
2510,小明2508w,2518,12518
2511,小明2509w,2519,12519
2512,小明2510w,2520,12520
2513,小明2511w,2521,12521
2514,小明2512w,2522,12522
2515,小明2513w,2523,12523
2516,小明2514w,2524,12524
2517,小明2515w,2525,12525
2518,小明2516w,2526,12526
2519,小明2517w,2527,12527
2520,小明2518w,2528,12528
2521,小明2519w,2529,12529
2522,小明2520w,2530,12530
2523,小明2521w,2531,12531
2524,小明2522w,2532,12532
2525,小明2523w,2533,12533
2526,小明2524w,2534,12534
2527,小明2525w,2535,12535
2528,小明2526w,2536,12536
2529,小明2527w,2537,12537
2530,小明2528w,2538,12538
2531,小明2529w,2539,12539
2532,小明2530w,2540,12540
2533,小明2531w,2541,12541
2534,小明2532w,2542,12542
2535,小明2533w,2543,12543
2536,小明2534w,2544,12544
2537,小明2535w,2545,12545
2538,小明2536w,2546,12546
2539,小明2537w,2547,12547
2540,小明2538w,2548,12548
2541,小明2539w,2549,12549
2542,小明2540w,2550,12550
2543,小明2541w,2551,12551
2544,小明2542w,2552,12552
2545,小明2543w,2553,12553
2546,小明2544w,2554,12554
2547,小明2545w,2555,12555
2548,小明2546w,2556,12556
2549,小明2547w,2557,12557
2550,小明2548w,2558,12558
2551,小明2549w,2559,12559
2552,小明2550w,2560,12560
2553,小明2551w,2561,12561
2554,小明2552w,2562,12562
2555,小明2553w,2563,12563
2556,小明2554w,2564,12564
2557,小明2555w,2565,12565
2558,小明2556w,2566,12566
2559,小明2557w,2567,12567
2560,小明2558w,2568,12568
2561,小明2559w,2569,12569
2562,小明2560w,2570,12570
2563,小明2561w,2571,12571
2564,小明2562w,2572,12572
2565,小明2563w,2573,12573
2566,小明2564w,2574,12574
2567,小明2565w,2575,12575
2568,小明2566w,2576,12576
2569,小明2567w,2577,12577
2570,小明2568w,2578,12578
2571,小明2569w,2579,12579
2572,小明2570w,2580,12580
2573,小明2571w,2581,12581
2574,小明2572w,2582,12582
2575,小明2573w,2583,12583
2576,小明2574w,2584,12584
2577,小明2575w,2585,12585
2578,小明2576w,2586,12586
2579,小明2577w,2587,12587
2580,小明2578w,2588,12588
2581,小明2579w,2589,12589
2582,小明2580w,2590,12590
2583,小明2581w,2591,12591
2584,小明2582w,2592,12592
2585,小明2583w,2593,12593
2586,小明2584w,2594,12594
2587,小明2585w,2595,12595
2588,小明2586w,2596,12596
2589,小明2587w,2597,12597
2590,小明2588w,2598,12598
2591,小明2589w,2599,12599
2592,小明2590w,2600,12600
2593,小明2591w,2601,12601
2594,小明2592w,2602,12602
2595,小明2593w,2603,12603
2596,小明2594w,2604,12604
2597,小明2595w,2605,12605
2598,小明2596w,2606,12606
2599,小明2597w,2607,12607
2600,小明2598w,2608,12608
2601,小明2599w,2609,12609
2602,小明2600w,2610,12610
2603,小明2601w,2611,12611
2604,小明2602w,2612,12612
2605,小明2603w,2613,12613
2606,小明2604w,2614,12614
2607,小明2605w,2615,12615
2608,小明2606w,2616,12616
2609,小明2607w,2617,12617
2610,小明2608w,2618,12618
2611,小明2609w,2619,12619
2612,小明2610w,2620,12620
2613,小明2611w,2621,12621
2614,小明2612w,2622,12622
2615,小明2613w,2623,12623
2616,小明2614w,2624,12624
2617,小明2615w,2625,12625
2618,小明2616w,2626,12626
2619,小明2617w,2627,12627
2620,小明2618w,2628,12628
2621,小明2619w,2629,12629
2622,小明2620w,2630,12630
2623,小明2621w,2631,12631
2624,小明2622w,2632,12632
2625,小明2623w,2633,12633
2626,小明2624w,2634,12634
2627,小明2625w,2635,12635
2628,小明2626w,2636,12636
2629,小明2627w,2637,12637
2630,小明2628w,2638,12638
2631,小明2629w,2639,12639
2632,小明2630w,2640,12640
2633,小明2631w,2641,12641
2634,小明2632w,2642,12642
2635,小明2633w,2643,12643
2636,小明2634w,2644,12644
2637,小明2635w,2645,12645
2638,小明2636w,2646,12646
2639,小明2637w,2647,12647
2640,小明2638w,2648,12648
2641,小明2639w,2649,12649
2642,小明2640w,2650,12650
2643,小明2641w,2651,12651
2644,小明2642w,2652,12652
2645,小明2643w,2653,12653
2646,小明2644w,2654,12654
2647,小明2645w,2655,12655
2648,小明2646w,2656,12656
2649,小明2647w,2657,12657
2650,小明2648w,2658,12658
2651,小明2649w,2659,12659
2652,小明2650w,2660,12660
2653,小明2651w,2661,12661
2654,小明2652w,2662,12662
2655,小明2653w,2663,12663
2656,小明2654w,2664,12664
2657,小明2655w,2665,12665
2658,小明2656w,2666,12666
2659,小明2657w,2667,12667
2660,小明2658w,2668,12668
2661,小明2659w,2669,12669
2662,小明2660w,2670,12670
2663,小明2661w,2671,12671
2664,小明2662w,2672,12672
2665,小明2663w,2673,12673
2666,小明2664w,2674,12674
2667,小明2665w,2675,12675
2668,小明2666w,2676,12676
2669,小明2667w,2677,12677
2670,小明2668w,2678,12678
2671,小明2669w,2679,12679
2672,小明2670w,2680,12680
2673,小明2671w,2681,12681
2674,小明2672w,2682,12682
2675,小明2673w,2683,12683
2676,小明2674w,2684,12684
2677,小明2675w,2685,12685
2678,小明2676w,2686,12686
2679,小明2677w,2687,12687
2680,小明2678w,2688,12688
2681,小明2679w,2689,12689
2682,小明2680w,2690,12690
2683,小明2681w,2691,12691
2684,小明2682w,2692,12692
2685,小明2683w,2693,12693
2686,小明2684w,2694,12694
2687,小明2685w,2695,12695
2688,小明2686w,2696,12696
2689,小明2687w,2697,12697
2690,小明2688w,2698,12698
2691,小明2689w,2699,12699
2692,小明2690w,2700,12700
2693,小明2691w,2701,12701
2694,小明2692w,2702,12702
2695,小明2693w,2703,12703
2696,小明2694w,2704,12704
2697,小明2695w,2705,12705
2698,小明2696w,2706,12706
2699,小明2697w,2707,12707
2700,小明2698w,2708,12708
2701,小明2699w,2709,12709
2702,小明2700w,2710,12710
2703,小明2701w,2711,12711
2704,小明2702w,2712,12712
2705,小明2703w,2713,12713
2706,小明2704w,2714,12714
2707,小明2705w,2715,12715
2708,小明2706w,2716,12716
2709,小明2707w,2717,12717
2710,小明2708w,2718,12718
2711,小明2709w,2719,12719
2712,小明2710w,2720,12720
2713,小明2711w,2721,12721
2714,小明2712w,2722,12722
2715,小明2713w,2723,12723
2716,小明2714w,2724,12724
2717,小明2715w,2725,12725
2718,小明2716w,2726,12726
2719,小明2717w,2727,12727
2720,小明2718w,2728,12728
2721,小明2719w,2729,12729
2722,小明2720w,2730,12730
2723,小明2721w,2731,12731
2724,小明2722w,2732,12732
2725,小明2723w,2733,12733
2726,小明2724w,2734,12734
2727,小明2725w,2735,12735
2728,小明2726w,2736,12736
2729,小明2727w,2737,12737
2730,小明2728w,2738,12738
2731,小明2729w,2739,12739
2732,小明2730w,2740,12740
2733,小明2731w,2741,12741
2734,小明2732w,2742,12742
2735,小明2733w,2743,12743
2736,小明2734w,2744,12744
2737,小明2735w,2745,12745
2738,小明2736w,2746,12746
2739,小明2737w,2747,12747
2740,小明2738w,2748,12748
2741,小明2739w,2749,12749
2742,小明2740w,2750,12750
2743,小明2741w,2751,12751
2744,小明2742w,2752,12752
2745,小明2743w,2753,12753
2746,小明2744w,2754,12754
2747,小明2745w,2755,12755
2748,小明2746w,2756,12756
2749,小明2747w,2757,12757
2750,小明2748w,2758,12758
2751,小明2749w,2759,12759
2752,小明2750w,2760,12760
2753,小明2751w,2761,12761
2754,小明2752w,2762,12762
2755,小明2753w,2763,12763
2756,小明2754w,2764,12764
2757,小明2755w,2765,12765
2758,小明2756w,2766,12766
2759,小明2757w,2767,12767
2760,小明2758w,2768,12768
2761,小明2759w,2769,12769
2762,小明2760w,2770,12770
2763,小明2761w,2771,12771
2764,小明2762w,2772,12772
2765,小明2763w,2773,12773
2766,小明2764w,2774,12774
2767,小明2765w,2775,12775
2768,小明2766w,2776,12776
2769,小明2767w,2777,12777
2770,小明2768w,2778,12778
2771,小明2769w,2779,12779
2772,小明2770w,2780,12780
2773,小明2771w,2781,12781
2774,小明2772w,2782,12782
2775,小明2773w,2783,12783
2776,小明2774w,2784,12784
2777,小明2775w,2785,12785
2778,小明2776w,2786,12786
2779,小明2777w,2787,12787
2780,小明2778w,2788,12788
2781,小明2779w,2789,12789
2782,小明2780w,2790,12790
2783,小明2781w,2791,12791
2784,小明2782w,2792,12792
2785,小明2783w,2793,12793
2786,小明2784w,2794,12794
2787,小明2785w,2795,12795
2788,小明2786w,2796,12796
2789,小明2787w,2797,12797
2790,小明2788w,2798,12798
2791,小明2789w,2799,12799
2792,小明2790w,2800,12800
2793,小明2791w,2801,12801
2794,小明2792w,2802,12802
2795,小明2793w,2803,12803
2796,小明2794w,2804,12804
2797,小明2795w,2805,12805
2798,小明2796w,2806,12806
2799,小明2797w,2807,12807
2800,小明2798w,2808,12808
2801,小明2799w,2809,12809
2802,小明2800w,2810,12810
2803,小明2801w,2811,12811
2804,小明2802w,2812,12812
2805,小明2803w,2813,12813
2806,小明2804w,2814,12814
2807,小明2805w,2815,12815
2808,小明2806w,2816,12816
2809,小明2807w,2817,12817
2810,小明2808w,2818,12818
2811,小明2809w,2819,12819
2812,小明2810w,2820,12820
2813,小明2811w,2821,12821
2814,小明2812w,2822,12822
2815,小明2813w,2823,12823
2816,小明2814w,2824,12824
2817,小明2815w,2825,12825
2818,小明2816w,2826,12826
2819,小明2817w,2827,12827
2820,小明2818w,2828,12828
2821,小明2819w,2829,12829
2822,小明2820w,2830,12830
2823,小明2821w,2831,12831
2824,小明2822w,2832,12832
2825,小明2823w,2833,12833
2826,小明2824w,2834,12834
2827,小明2825w,2835,12835
2828,小明2826w,2836,12836
2829,小明2827w,2837,12837
2830,小明2828w,2838,12838
2831,小明2829w,2839,12839
2832,小明2830w,2840,12840
2833,小明2831w,2841,12841
2834,小明2832w,2842,12842
2835,小明2833w,2843,12843
2836,小明2834w,2844,12844
2837,小明2835w,2845,12845
2838,小明2836w,2846,12846
2839,小明2837w,2847,12847
2840,小明2838w,2848,12848
2841,小明2839w,2849,12849
2842,小明2840w,2850,12850
2843,小明2841w,2851,12851
2844,小明2842w,2852,12852
2845,小明2843w,2853,12853
2846,小明2844w,2854,12854
2847,小明2845w,2855,12855
2848,小明2846w,2856,12856
2849,小明2847w,2857,12857
2850,小明2848w,2858,12858
2851,小明2849w,2859,12859
2852,小明2850w,2860,12860
2853,小明2851w,2861,12861
2854,小明2852w,2862,12862
2855,小明2853w,2863,12863
2856,小明2854w,2864,12864
2857,小明2855w,2865,12865
2858,小明2856w,2866,12866
2859,小明2857w,2867,12867
2860,小明2858w,2868,12868
2861,小明2859w,2869,12869
2862,小明2860w,2870,12870
2863,小明2861w,2871,12871
2864,小明2862w,2872,12872
2865,小明2863w,2873,12873
2866,小明2864w,2874,12874
2867,小明2865w,2875,12875
2868,小明2866w,2876,12876
2869,小明2867w,2877,12877
2870,小明2868w,2878,12878
2871,小明2869w,2879,12879
2872,小明2870w,2880,12880
2873,小明2871w,2881,12881
2874,小明2872w,2882,12882
2875,小明2873w,2883,12883
2876,小明2874w,2884,12884
2877,小明2875w,2885,12885
2878,小明2876w,2886,12886
2879,小明2877w,2887,12887
2880,小明2878w,2888,12888
2881,小明2879w,2889,12889
2882,小明2880w,2890,12890
2883,小明2881w,2891,12891
2884,小明2882w,2892,12892
2885,小明2883w,2893,12893
2886,小明2884w,2894,12894
2887,小明2885w,2895,12895
2888,小明2886w,2896,12896
2889,小明2887w,2897,12897
2890,小明2888w,2898,12898
2891,小明2889w,2899,12899
2892,小明2890w,2900,12900
2893,小明2891w,2901,12901
2894,小明2892w,2902,12902
2895,小明2893w,2903,12903
2896,小明2894w,2904,12904
2897,小明2895w,2905,12905
2898,小明2896w,2906,12906
2899,小明2897w,2907,12907
2900,小明2898w,2908,12908
2901,小明2899w,2909,12909
2902,小明2900w,2910,12910
2903,小明2901w,2911,12911
2904,小明2902w,2912,12912
2905,小明2903w,2913,12913
2906,小明2904w,2914,12914
2907,小明2905w,2915,12915
2908,小明2906w,2916,12916
2909,小明2907w,2917,12917
2910,小明2908w,2918,12918
2911,小明2909w,2919,12919
2912,小明2910w,2920,12920
2913,小明2911w,2921,12921
2914,小明2912w,2922,12922
2915,小明2913w,2923,12923
2916,小明2914w,2924,12924
2917,小明2915w,2925,12925
2918,小明2916w,2926,12926
2919,小明2917w,2927,12927
2920,小明2918w,2928,12928
2921,小明2919w,2929,12929
2922,小明2920w,2930,12930
2923,小明2921w,2931,12931
2924,小明2922w,2932,12932
2925,小明2923w,2933,12933
2926,小明2924w,2934,12934
2927,小明2925w,2935,12935
2928,小明2926w,2936,12936
2929,小明2927w,2937,12937
2930,小明2928w,2938,12938
2931,小明2929w,2939,12939
2932,小明2930w,2940,12940
2933,小明2931w,2941,12941
2934,小明2932w,2942,12942
2935,小明2933w,2943,12943
2936,小明2934w,2944,12944
2937,小明2935w,2945,12945
2938,小明2936w,2946,12946
2939,小明2937w,2947,12947
2940,小明2938w,2948,12948
2941,小明2939w,2949,12949
2942,小明2940w,2950,12950
2943,小明2941w,2951,12951
2944,小明2942w,2952,12952
2945,小明2943w,2953,12953
2946,小明2944w,2954,12954
2947,小明2945w,2955,12955
2948,小明2946w,2956,12956
2949,小明2947w,2957,12957
2950,小明2948w,2958,12958
2951,小明2949w,2959,12959
2952,小明2950w,2960,12960
2953,小明2951w,2961,12961
2954,小明2952w,2962,12962
2955,小明2953w,2963,12963
2956,小明2954w,2964,12964
2957,小明2955w,2965,12965
2958,小明2956w,2966,12966
2959,小明2957w,2967,12967
2960,小明2958w,2968,12968
2961,小明2959w,2969,12969
2962,小明2960w,2970,12970
2963,小明2961w,2971,12971
2964,小明2962w,2972,12972
2965,小明2963w,2973,12973
2966,小明2964w,2974,12974
2967,小明2965w,2975,12975
2968,小明2966w,2976,12976
2969,小明2967w,2977,12977
2970,小明2968w,2978,12978
2971,小明2969w,2979,12979
2972,小明2970w,2980,12980
2973,小明2971w,2981,12981
2974,小明2972w,2982,12982
2975,小明2973w,2983,12983
2976,小明2974w,2984,12984
2977,小明2975w,2985,12985
2978,小明2976w,2986,12986
2979,小明2977w,2987,12987
2980,小明2978w,2988,12988
2981,小明2979w,2989,12989
2982,小明2980w,2990,12990
2983,小明2981w,2991,12991
2984,小明2982w,2992,12992
2985,小明2983w,2993,12993
2986,小明2984w,2994,12994
2987,小明2985w,2995,12995
2988,小明2986w,2996,12996
2989,小明2987w,2997,12997
2990,小明2988w,2998,12998
2991,小明2989w,2999,12999
2992,小明2990w,3000,13000
2993,小明2991w,3001,13001
2994,小明2992w,3002,13002
2995,小明2993w,3003,13003
2996,小明2994w,3004,13004
2997,小明2995w,3005,13005
2998,小明2996w,3006,13006
2999,小明2997w,3007,13007
3000,小明2998w,3008,13008
3001,小明2999w,3009,13009
3002,小明3000w,3010,13010
3003,小明3001w,3011,13011
3004,小明3002w,3012,13012
3005,小明3003w,3013,13013
3006,小明3004w,3014,13014
3007,小明3005w,3015,13015
3008,小明3006w,3016,13016
3009,小明3007w,3017,13017
3010,小明3008w,3018,13018
3011,小明3009w,3019,13019
3012,小明3010w,3020,13020
3013,小明3011w,3021,13021
3014,小明3012w,3022,13022
3015,小明3013w,3023,13023
3016,小明3014w,3024,13024
3017,小明3015w,3025,13025
3018,小明3016w,3026,13026
3019,小明3017w,3027,13027
3020,小明3018w,3028,13028
3021,小明3019w,3029,13029
3022,小明3020w,3030,13030
3023,小明3021w,3031,13031
3024,小明3022w,3032,13032
3025,小明3023w,3033,13033
3026,小明3024w,3034,13034
3027,小明3025w,3035,13035
3028,小明3026w,3036,13036
3029,小明3027w,3037,13037
3030,小明3028w,3038,13038
3031,小明3029w,3039,13039
3032,小明3030w,3040,13040
3033,小明3031w,3041,13041
3034,小明3032w,3042,13042
3035,小明3033w,3043,13043
3036,小明3034w,3044,13044
3037,小明3035w,3045,13045
3038,小明3036w,3046,13046
3039,小明3037w,3047,13047
3040,小明3038w,3048,13048
3041,小明3039w,3049,13049
3042,小明3040w,3050,13050
3043,小明3041w,3051,13051
3044,小明3042w,3052,13052
3045,小明3043w,3053,13053
3046,小明3044w,3054,13054
3047,小明3045w,3055,13055
3048,小明3046w,3056,13056
3049,小明3047w,3057,13057
3050,小明3048w,3058,13058
3051,小明3049w,3059,13059
3052,小明3050w,3060,13060
3053,小明3051w,3061,13061
3054,小明3052w,3062,13062
3055,小明3053w,3063,13063
3056,小明3054w,3064,13064
3057,小明3055w,3065,13065
3058,小明3056w,3066,13066
3059,小明3057w,3067,13067
3060,小明3058w,3068,13068
3061,小明3059w,3069,13069
3062,小明3060w,3070,13070
3063,小明3061w,3071,13071
3064,小明3062w,3072,13072
3065,小明3063w,3073,13073
3066,小明3064w,3074,13074
3067,小明3065w,3075,13075
3068,小明3066w,3076,13076
3069,小明3067w,3077,13077
3070,小明3068w,3078,13078
3071,小明3069w,3079,13079
3072,小明3070w,3080,13080
3073,小明3071w,3081,13081
3074,小明3072w,3082,13082
3075,小明3073w,3083,13083
3076,小明3074w,3084,13084
3077,小明3075w,3085,13085
3078,小明3076w,3086,13086
3079,小明3077w,3087,13087
3080,小明3078w,3088,13088
3081,小明3079w,3089,13089
3082,小明3080w,3090,13090
3083,小明3081w,3091,13091
3084,小明3082w,3092,13092
3085,小明3083w,3093,13093
3086,小明3084w,3094,13094
3087,小明3085w,3095,13095
3088,小明3086w,3096,13096
3089,小明3087w,3097,13097
3090,小明3088w,3098,13098
3091,小明3089w,3099,13099
3092,小明3090w,3100,13100
3093,小明3091w,3101,13101
3094,小明3092w,3102,13102
3095,小明3093w,3103,13103
3096,小明3094w,3104,13104
3097,小明3095w,3105,13105
3098,小明3096w,3106,13106
3099,小明3097w,3107,13107
3100,小明3098w,3108,13108
3101,小明3099w,3109,13109
3102,小明3100w,3110,13110
3103,小明3101w,3111,13111
3104,小明3102w,3112,13112
3105,小明3103w,3113,13113
3106,小明3104w,3114,13114
3107,小明3105w,3115,13115
3108,小明3106w,3116,13116
3109,小明3107w,3117,13117
3110,小明3108w,3118,13118
3111,小明3109w,3119,13119
3112,小明3110w,3120,13120
3113,小明3111w,3121,13121
3114,小明3112w,3122,13122
3115,小明3113w,3123,13123
3116,小明3114w,3124,13124
3117,小明3115w,3125,13125
3118,小明3116w,3126,13126
3119,小明3117w,3127,13127
3120,小明3118w,3128,13128
3121,小明3119w,3129,13129
3122,小明3120w,3130,13130
3123,小明3121w,3131,13131
3124,小明3122w,3132,13132
3125,小明3123w,3133,13133
3126,小明3124w,3134,13134
3127,小明3125w,3135,13135
3128,小明3126w,3136,13136
3129,小明3127w,3137,13137
3130,小明3128w,3138,13138
3131,小明3129w,3139,13139
3132,小明3130w,3140,13140
3133,小明3131w,3141,13141
3134,小明3132w,3142,13142
3135,小明3133w,3143,13143
3136,小明3134w,3144,13144
3137,小明3135w,3145,13145
3138,小明3136w,3146,13146
3139,小明3137w,3147,13147
3140,小明3138w,3148,13148
3141,小明3139w,3149,13149
3142,小明3140w,3150,13150
3143,小明3141w,3151,13151
3144,小明3142w,3152,13152
3145,小明3143w,3153,13153
3146,小明3144w,3154,13154
3147,小明3145w,3155,13155
3148,小明3146w,3156,13156
3149,小明3147w,3157,13157
3150,小明3148w,3158,13158
3151,小明3149w,3159,13159
3152,小明3150w,3160,13160
3153,小明3151w,3161,13161
3154,小明3152w,3162,13162
3155,小明3153w,3163,13163
3156,小明3154w,3164,13164
3157,小明3155w,3165,13165
3158,小明3156w,3166,13166
3159,小明3157w,3167,13167
3160,小明3158w,3168,13168
3161,小明3159w,3169,13169
3162,小明3160w,3170,13170
3163,小明3161w,3171,13171
3164,小明3162w,3172,13172
3165,小明3163w,3173,13173
3166,小明3164w,3174,13174
3167,小明3165w,3175,13175
3168,小明3166w,3176,13176
3169,小明3167w,3177,13177
3170,小明3168w,3178,13178
3171,小明3169w,3179,13179
3172,小明3170w,3180,13180
3173,小明3171w,3181,13181
3174,小明3172w,3182,13182
3175,小明3173w,3183,13183
3176,小明3174w,3184,13184
3177,小明3175w,3185,13185
3178,小明3176w,3186,13186
3179,小明3177w,3187,13187
3180,小明3178w,3188,13188
3181,小明3179w,3189,13189
3182,小明3180w,3190,13190
3183,小明3181w,3191,13191
3184,小明3182w,3192,13192
3185,小明3183w,3193,13193
3186,小明3184w,3194,13194
3187,小明3185w,3195,13195
3188,小明3186w,3196,13196
3189,小明3187w,3197,13197
3190,小明3188w,3198,13198
3191,小明3189w,3199,13199
3192,小明3190w,3200,13200
3193,小明3191w,3201,13201
3194,小明3192w,3202,13202
3195,小明3193w,3203,13203
3196,小明3194w,3204,13204
3197,小明3195w,3205,13205
3198,小明3196w,3206,13206
3199,小明3197w,3207,13207
3200,小明3198w,3208,13208
3201,小明3199w,3209,13209
3202,小明3200w,3210,13210
3203,小明3201w,3211,13211
3204,小明3202w,3212,13212
3205,小明3203w,3213,13213
3206,小明3204w,3214,13214
3207,小明3205w,3215,13215
3208,小明3206w,3216,13216
3209,小明3207w,3217,13217
3210,小明3208w,3218,13218
3211,小明3209w,3219,13219
3212,小明3210w,3220,13220
3213,小明3211w,3221,13221
3214,小明3212w,3222,13222
3215,小明3213w,3223,13223
3216,小明3214w,3224,13224
3217,小明3215w,3225,13225
3218,小明3216w,3226,13226
3219,小明3217w,3227,13227
3220,小明3218w,3228,13228
3221,小明3219w,3229,13229
3222,小明3220w,3230,13230
3223,小明3221w,3231,13231
3224,小明3222w,3232,13232
3225,小明3223w,3233,13233
3226,小明3224w,3234,13234
3227,小明3225w,3235,13235
3228,小明3226w,3236,13236
3229,小明3227w,3237,13237
3230,小明3228w,3238,13238
3231,小明3229w,3239,13239
3232,小明3230w,3240,13240
3233,小明3231w,3241,13241
3234,小明3232w,3242,13242
3235,小明3233w,3243,13243
3236,小明3234w,3244,13244
3237,小明3235w,3245,13245
3238,小明3236w,3246,13246
3239,小明3237w,3247,13247
3240,小明3238w,3248,13248
3241,小明3239w,3249,13249
3242,小明3240w,3250,13250
3243,小明3241w,3251,13251
3244,小明3242w,3252,13252
3245,小明3243w,3253,13253
3246,小明3244w,3254,13254
3247,小明3245w,3255,13255
3248,小明3246w,3256,13256
3249,小明3247w,3257,13257
3250,小明3248w,3258,13258
3251,小明3249w,3259,13259
3252,小明3250w,3260,13260
3253,小明3251w,3261,13261
3254,小明3252w,3262,13262
3255,小明3253w,3263,13263
3256,小明3254w,3264,13264
3257,小明3255w,3265,13265
3258,小明3256w,3266,13266
3259,小明3257w,3267,13267
3260,小明3258w,3268,13268
3261,小明3259w,3269,13269
3262,小明3260w,3270,13270
3263,小明3261w,3271,13271
3264,小明3262w,3272,13272
3265,小明3263w,3273,13273
3266,小明3264w,3274,13274
3267,小明3265w,3275,13275
3268,小明3266w,3276,13276
3269,小明3267w,3277,13277
3270,小明3268w,3278,13278
3271,小明3269w,3279,13279
3272,小明3270w,3280,13280
3273,小明3271w,3281,13281
3274,小明3272w,3282,13282
3275,小明3273w,3283,13283
3276,小明3274w,3284,13284
3277,小明3275w,3285,13285
3278,小明3276w,3286,13286
3279,小明3277w,3287,13287
3280,小明3278w,3288,13288
3281,小明3279w,3289,13289
3282,小明3280w,3290,13290
3283,小明3281w,3291,13291
3284,小明3282w,3292,13292
3285,小明3283w,3293,13293
3286,小明3284w,3294,13294
3287,小明3285w,3295,13295
3288,小明3286w,3296,13296
3289,小明3287w,3297,13297
3290,小明3288w,3298,13298
3291,小明3289w,3299,13299
3292,小明3290w,3300,13300
3293,小明3291w,3301,13301
3294,小明3292w,3302,13302
3295,小明3293w,3303,13303
3296,小明3294w,3304,13304
3297,小明3295w,3305,13305
3298,小明3296w,3306,13306
3299,小明3297w,3307,13307
3300,小明3298w,3308,13308
3301,小明3299w,3309,13309
3302,小明3300w,3310,13310
3303,小明3301w,3311,13311
3304,小明3302w,3312,13312
3305,小明3303w,3313,13313
3306,小明3304w,3314,13314
3307,小明3305w,3315,13315
3308,小明3306w,3316,13316
3309,小明3307w,3317,13317
3310,小明3308w,3318,13318
3311,小明3309w,3319,13319
3312,小明3310w,3320,13320
3313,小明3311w,3321,13321
3314,小明3312w,3322,13322
3315,小明3313w,3323,13323
3316,小明3314w,3324,13324
3317,小明3315w,3325,13325
3318,小明3316w,3326,13326
3319,小明3317w,3327,13327
3320,小明3318w,3328,13328
3321,小明3319w,3329,13329
3322,小明3320w,3330,13330
3323,小明3321w,3331,13331
3324,小明3322w,3332,13332
3325,小明3323w,3333,13333
3326,小明3324w,3334,13334
3327,小明3325w,3335,13335
3328,小明3326w,3336,13336
3329,小明3327w,3337,13337
3330,小明3328w,3338,13338
3331,小明3329w,3339,13339
3332,小明3330w,3340,13340
3333,小明3331w,3341,13341
3334,小明3332w,3342,13342
3335,小明3333w,3343,13343
3336,小明3334w,3344,13344
3337,小明3335w,3345,13345
3338,小明3336w,3346,13346
3339,小明3337w,3347,13347
3340,小明3338w,3348,13348
3341,小明3339w,3349,13349
3342,小明3340w,3350,13350
3343,小明3341w,3351,13351
3344,小明3342w,3352,13352
3345,小明3343w,3353,13353
3346,小明3344w,3354,13354
3347,小明3345w,3355,13355
3348,小明3346w,3356,13356
3349,小明3347w,3357,13357
3350,小明3348w,3358,13358
3351,小明3349w,3359,13359
3352,小明3350w,3360,13360
3353,小明3351w,3361,13361
3354,小明3352w,3362,13362
3355,小明3353w,3363,13363
3356,小明3354w,3364,13364
3357,小明3355w,3365,13365
3358,小明3356w,3366,13366
3359,小明3357w,3367,13367
3360,小明3358w,3368,13368
3361,小明3359w,3369,13369
3362,小明3360w,3370,13370
3363,小明3361w,3371,13371
3364,小明3362w,3372,13372
3365,小明3363w,3373,13373
3366,小明3364w,3374,13374
3367,小明3365w,3375,13375
3368,小明3366w,3376,13376
3369,小明3367w,3377,13377
3370,小明3368w,3378,13378
3371,小明3369w,3379,13379
3372,小明3370w,3380,13380
3373,小明3371w,3381,13381
3374,小明3372w,3382,13382
3375,小明3373w,3383,13383
3376,小明3374w,3384,13384
3377,小明3375w,3385,13385
3378,小明3376w,3386,13386
3379,小明3377w,3387,13387
3380,小明3378w,3388,13388
3381,小明3379w,3389,13389
3382,小明3380w,3390,13390
3383,小明3381w,3391,13391
3384,小明3382w,3392,13392
3385,小明3383w,3393,13393
3386,小明3384w,3394,13394
3387,小明3385w,3395,13395
3388,小明3386w,3396,13396
3389,小明3387w,3397,13397
3390,小明3388w,3398,13398
3391,小明3389w,3399,13399
3392,小明3390w,3400,13400
3393,小明3391w,3401,13401
3394,小明3392w,3402,13402
3395,小明3393w,3403,13403
3396,小明3394w,3404,13404
3397,小明3395w,3405,13405
3398,小明3396w,3406,13406
3399,小明3397w,3407,13407
3400,小明3398w,3408,13408
3401,小明3399w,3409,13409
3402,小明3400w,3410,13410
3403,小明3401w,3411,13411
3404,小明3402w,3412,13412
3405,小明3403w,3413,13413
3406,小明3404w,3414,13414
3407,小明3405w,3415,13415
3408,小明3406w,3416,13416
3409,小明3407w,3417,13417
3410,小明3408w,3418,13418
3411,小明3409w,3419,13419
3412,小明3410w,3420,13420
3413,小明3411w,3421,13421
3414,小明3412w,3422,13422
3415,小明3413w,3423,13423
3416,小明3414w,3424,13424
3417,小明3415w,3425,13425
3418,小明3416w,3426,13426
3419,小明3417w,3427,13427
3420,小明3418w,3428,13428
3421,小明3419w,3429,13429
3422,小明3420w,3430,13430
3423,小明3421w,3431,13431
3424,小明3422w,3432,13432
3425,小明3423w,3433,13433
3426,小明3424w,3434,13434
3427,小明3425w,3435,13435
3428,小明3426w,3436,13436
3429,小明3427w,3437,13437
3430,小明3428w,3438,13438
3431,小明3429w,3439,13439
3432,小明3430w,3440,13440
3433,小明3431w,3441,13441
3434,小明3432w,3442,13442
3435,小明3433w,3443,13443
3436,小明3434w,3444,13444
3437,小明3435w,3445,13445
3438,小明3436w,3446,13446
3439,小明3437w,3447,13447
3440,小明3438w,3448,13448
3441,小明3439w,3449,13449
3442,小明3440w,3450,13450
3443,小明3441w,3451,13451
3444,小明3442w,3452,13452
3445,小明3443w,3453,13453
3446,小明3444w,3454,13454
3447,小明3445w,3455,13455
3448,小明3446w,3456,13456
3449,小明3447w,3457,13457
3450,小明3448w,3458,13458
3451,小明3449w,3459,13459
3452,小明3450w,3460,13460
3453,小明3451w,3461,13461
3454,小明3452w,3462,13462
3455,小明3453w,3463,13463
3456,小明3454w,3464,13464
3457,小明3455w,3465,13465
3458,小明3456w,3466,13466
3459,小明3457w,3467,13467
3460,小明3458w,3468,13468
3461,小明3459w,3469,13469
3462,小明3460w,3470,13470
3463,小明3461w,3471,13471
3464,小明3462w,3472,13472
3465,小明3463w,3473,13473
3466,小明3464w,3474,13474
3467,小明3465w,3475,13475
3468,小明3466w,3476,13476
3469,小明3467w,3477,13477
3470,小明3468w,3478,13478
3471,小明3469w,3479,13479
3472,小明3470w,3480,13480
3473,小明3471w,3481,13481
3474,小明3472w,3482,13482
3475,小明3473w,3483,13483
3476,小明3474w,3484,13484
3477,小明3475w,3485,13485
3478,小明3476w,3486,13486
3479,小明3477w,3487,13487
3480,小明3478w,3488,13488
3481,小明3479w,3489,13489
3482,小明3480w,3490,13490
3483,小明3481w,3491,13491
3484,小明3482w,3492,13492
3485,小明3483w,3493,13493
3486,小明3484w,3494,13494
3487,小明3485w,3495,13495
3488,小明3486w,3496,13496
3489,小明3487w,3497,13497
3490,小明3488w,3498,13498
3491,小明3489w,3499,13499
3492,小明3490w,3500,13500
3493,小明3491w,3501,13501
3494,小明3492w,3502,13502
3495,小明3493w,3503,13503
3496,小明3494w,3504,13504
3497,小明3495w,3505,13505
3498,小明3496w,3506,13506
3499,小明3497w,3507,13507
3500,小明3498w,3508,13508
3501,小明3499w,3509,13509
3502,小明3500w,3510,13510
3503,小明3501w,3511,13511
3504,小明3502w,3512,13512
3505,小明3503w,3513,13513
3506,小明3504w,3514,13514
3507,小明3505w,3515,13515
3508,小明3506w,3516,13516
3509,小明3507w,3517,13517
3510,小明3508w,3518,13518
3511,小明3509w,3519,13519
3512,小明3510w,3520,13520
3513,小明3511w,3521,13521
3514,小明3512w,3522,13522
3515,小明3513w,3523,13523
3516,小明3514w,3524,13524
3517,小明3515w,3525,13525
3518,小明3516w,3526,13526
3519,小明3517w,3527,13527
3520,小明3518w,3528,13528
3521,小明3519w,3529,13529
3522,小明3520w,3530,13530
3523,小明3521w,3531,13531
3524,小明3522w,3532,13532
3525,小明3523w,3533,13533
3526,小明3524w,3534,13534
3527,小明3525w,3535,13535
3528,小明3526w,3536,13536
3529,小明3527w,3537,13537
3530,小明3528w,3538,13538
3531,小明3529w,3539,13539
3532,小明3530w,3540,13540
3533,小明3531w,3541,13541
3534,小明3532w,3542,13542
3535,小明3533w,3543,13543
3536,小明3534w,3544,13544
3537,小明3535w,3545,13545
3538,小明3536w,3546,13546
3539,小明3537w,3547,13547
3540,小明3538w,3548,13548
3541,小明3539w,3549,13549
3542,小明3540w,3550,13550
3543,小明3541w,3551,13551
3544,小明3542w,3552,13552
3545,小明3543w,3553,13553
3546,小明3544w,3554,13554
3547,小明3545w,3555,13555
3548,小明3546w,3556,13556
3549,小明3547w,3557,13557
3550,小明3548w,3558,13558
3551,小明3549w,3559,13559
3552,小明3550w,3560,13560
3553,小明3551w,3561,13561
3554,小明3552w,3562,13562
3555,小明3553w,3563,13563
3556,小明3554w,3564,13564
3557,小明3555w,3565,13565
3558,小明3556w,3566,13566
3559,小明3557w,3567,13567
3560,小明3558w,3568,13568
3561,小明3559w,3569,13569
3562,小明3560w,3570,13570
3563,小明3561w,3571,13571
3564,小明3562w,3572,13572
3565,小明3563w,3573,13573
3566,小明3564w,3574,13574
3567,小明3565w,3575,13575
3568,小明3566w,3576,13576
3569,小明3567w,3577,13577
3570,小明3568w,3578,13578
3571,小明3569w,3579,13579
3572,小明3570w,3580,13580
3573,小明3571w,3581,13581
3574,小明3572w,3582,13582
3575,小明3573w,3583,13583
3576,小明3574w,3584,13584
3577,小明3575w,3585,13585
3578,小明3576w,3586,13586
3579,小明3577w,3587,13587
3580,小明3578w,3588,13588
3581,小明3579w,3589,13589
3582,小明3580w,3590,13590
3583,小明3581w,3591,13591
3584,小明3582w,3592,13592
3585,小明3583w,3593,13593
3586,小明3584w,3594,13594
3587,小明3585w,3595,13595
3588,小明3586w,3596,13596
3589,小明3587w,3597,13597
3590,小明3588w,3598,13598
3591,小明3589w,3599,13599
3592,小明3590w,3600,13600
3593,小明3591w,3601,13601
3594,小明3592w,3602,13602
3595,小明3593w,3603,13603
3596,小明3594w,3604,13604
3597,小明3595w,3605,13605
3598,小明3596w,3606,13606
3599,小明3597w,3607,13607
3600,小明3598w,3608,13608
3601,小明3599w,3609,13609
3602,小明3600w,3610,13610
3603,小明3601w,3611,13611
3604,小明3602w,3612,13612
3605,小明3603w,3613,13613
3606,小明3604w,3614,13614
3607,小明3605w,3615,13615
3608,小明3606w,3616,13616
3609,小明3607w,3617,13617
3610,小明3608w,3618,13618
3611,小明3609w,3619,13619
3612,小明3610w,3620,13620
3613,小明3611w,3621,13621
3614,小明3612w,3622,13622
3615,小明3613w,3623,13623
3616,小明3614w,3624,13624
3617,小明3615w,3625,13625
3618,小明3616w,3626,13626
3619,小明3617w,3627,13627
3620,小明3618w,3628,13628
3621,小明3619w,3629,13629
3622,小明3620w,3630,13630
3623,小明3621w,3631,13631
3624,小明3622w,3632,13632
3625,小明3623w,3633,13633
3626,小明3624w,3634,13634
3627,小明3625w,3635,13635
3628,小明3626w,3636,13636
3629,小明3627w,3637,13637
3630,小明3628w,3638,13638
3631,小明3629w,3639,13639
3632,小明3630w,3640,13640
3633,小明3631w,3641,13641
3634,小明3632w,3642,13642
3635,小明3633w,3643,13643
3636,小明3634w,3644,13644
3637,小明3635w,3645,13645
3638,小明3636w,3646,13646
3639,小明3637w,3647,13647
3640,小明3638w,3648,13648
3641,小明3639w,3649,13649
3642,小明3640w,3650,13650
3643,小明3641w,3651,13651
3644,小明3642w,3652,13652
3645,小明3643w,3653,13653
3646,小明3644w,3654,13654
3647,小明3645w,3655,13655
3648,小明3646w,3656,13656
3649,小明3647w,3657,13657
3650,小明3648w,3658,13658
3651,小明3649w,3659,13659
3652,小明3650w,3660,13660
3653,小明3651w,3661,13661
3654,小明3652w,3662,13662
3655,小明3653w,3663,13663
3656,小明3654w,3664,13664
3657,小明3655w,3665,13665
3658,小明3656w,3666,13666
3659,小明3657w,3667,13667
3660,小明3658w,3668,13668
3661,小明3659w,3669,13669
3662,小明3660w,3670,13670
3663,小明3661w,3671,13671
3664,小明3662w,3672,13672
3665,小明3663w,3673,13673
3666,小明3664w,3674,13674
3667,小明3665w,3675,13675
3668,小明3666w,3676,13676
3669,小明3667w,3677,13677
3670,小明3668w,3678,13678
3671,小明3669w,3679,13679
3672,小明3670w,3680,13680
3673,小明3671w,3681,13681
3674,小明3672w,3682,13682
3675,小明3673w,3683,13683
3676,小明3674w,3684,13684
3677,小明3675w,3685,13685
3678,小明3676w,3686,13686
3679,小明3677w,3687,13687
3680,小明3678w,3688,13688
3681,小明3679w,3689,13689
3682,小明3680w,3690,13690
3683,小明3681w,3691,13691
3684,小明3682w,3692,13692
3685,小明3683w,3693,13693
3686,小明3684w,3694,13694
3687,小明3685w,3695,13695
3688,小明3686w,3696,13696
3689,小明3687w,3697,13697
3690,小明3688w,3698,13698
3691,小明3689w,3699,13699
3692,小明3690w,3700,13700
3693,小明3691w,3701,13701
3694,小明3692w,3702,13702
3695,小明3693w,3703,13703
3696,小明3694w,3704,13704
3697,小明3695w,3705,13705
3698,小明3696w,3706,13706
3699,小明3697w,3707,13707
3700,小明3698w,3708,13708
3701,小明3699w,3709,13709
3702,小明3700w,3710,13710
3703,小明3701w,3711,13711
3704,小明3702w,3712,13712
3705,小明3703w,3713,13713
3706,小明3704w,3714,13714
3707,小明3705w,3715,13715
3708,小明3706w,3716,13716
3709,小明3707w,3717,13717
3710,小明3708w,3718,13718
3711,小明3709w,3719,13719
3712,小明3710w,3720,13720
3713,小明3711w,3721,13721
3714,小明3712w,3722,13722
3715,小明3713w,3723,13723
3716,小明3714w,3724,13724
3717,小明3715w,3725,13725
3718,小明3716w,3726,13726
3719,小明3717w,3727,13727
3720,小明3718w,3728,13728
3721,小明3719w,3729,13729
3722,小明3720w,3730,13730
3723,小明3721w,3731,13731
3724,小明3722w,3732,13732
3725,小明3723w,3733,13733
3726,小明3724w,3734,13734
3727,小明3725w,3735,13735
3728,小明3726w,3736,13736
3729,小明3727w,3737,13737
3730,小明3728w,3738,13738
3731,小明3729w,3739,13739
3732,小明3730w,3740,13740
3733,小明3731w,3741,13741
3734,小明3732w,3742,13742
3735,小明3733w,3743,13743
3736,小明3734w,3744,13744
3737,小明3735w,3745,13745
3738,小明3736w,3746,13746
3739,小明3737w,3747,13747
3740,小明3738w,3748,13748
3741,小明3739w,3749,13749
3742,小明3740w,3750,13750
3743,小明3741w,3751,13751
3744,小明3742w,3752,13752
3745,小明3743w,3753,13753
3746,小明3744w,3754,13754
3747,小明3745w,3755,13755
3748,小明3746w,3756,13756
3749,小明3747w,3757,13757
3750,小明3748w,3758,13758
3751,小明3749w,3759,13759
3752,小明3750w,3760,13760
3753,小明3751w,3761,13761
3754,小明3752w,3762,13762
3755,小明3753w,3763,13763
3756,小明3754w,3764,13764
3757,小明3755w,3765,13765
3758,小明3756w,3766,13766
3759,小明3757w,3767,13767
3760,小明3758w,3768,13768
3761,小明3759w,3769,13769
3762,小明3760w,3770,13770
3763,小明3761w,3771,13771
3764,小明3762w,3772,13772
3765,小明3763w,3773,13773
3766,小明3764w,3774,13774
3767,小明3765w,3775,13775
3768,小明3766w,3776,13776
3769,小明3767w,3777,13777
3770,小明3768w,3778,13778
3771,小明3769w,3779,13779
3772,小明3770w,3780,13780
3773,小明3771w,3781,13781
3774,小明3772w,3782,13782
3775,小明3773w,3783,13783
3776,小明3774w,3784,13784
3777,小明3775w,3785,13785
3778,小明3776w,3786,13786
3779,小明3777w,3787,13787
3780,小明3778w,3788,13788
3781,小明3779w,3789,13789
3782,小明3780w,3790,13790
3783,小明3781w,3791,13791
3784,小明3782w,3792,13792
3785,小明3783w,3793,13793
3786,小明3784w,3794,13794
3787,小明3785w,3795,13795
3788,小明3786w,3796,13796
3789,小明3787w,3797,13797
3790,小明3788w,3798,13798
3791,小明3789w,3799,13799
3792,小明3790w,3800,13800
3793,小明3791w,3801,13801
3794,小明3792w,3802,13802
3795,小明3793w,3803,13803
3796,小明3794w,3804,13804
3797,小明3795w,3805,13805
3798,小明3796w,3806,13806
3799,小明3797w,3807,13807
3800,小明3798w,3808,13808
3801,小明3799w,3809,13809
3802,小明3800w,3810,13810
3803,小明3801w,3811,13811
3804,小明3802w,3812,13812
3805,小明3803w,3813,13813
3806,小明3804w,3814,13814
3807,小明3805w,3815,13815
3808,小明3806w,3816,13816
3809,小明3807w,3817,13817
3810,小明3808w,3818,13818
3811,小明3809w,3819,13819
3812,小明3810w,3820,13820
3813,小明3811w,3821,13821
3814,小明3812w,3822,13822
3815,小明3813w,3823,13823
3816,小明3814w,3824,13824
3817,小明3815w,3825,13825
3818,小明3816w,3826,13826
3819,小明3817w,3827,13827
3820,小明3818w,3828,13828
3821,小明3819w,3829,13829
3822,小明3820w,3830,13830
3823,小明3821w,3831,13831
3824,小明3822w,3832,13832
3825,小明3823w,3833,13833
3826,小明3824w,3834,13834
3827,小明3825w,3835,13835
3828,小明3826w,3836,13836
3829,小明3827w,3837,13837
3830,小明3828w,3838,13838
3831,小明3829w,3839,13839
3832,小明3830w,3840,13840
3833,小明3831w,3841,13841
3834,小明3832w,3842,13842
3835,小明3833w,3843,13843
3836,小明3834w,3844,13844
3837,小明3835w,3845,13845
3838,小明3836w,3846,13846
3839,小明3837w,3847,13847
3840,小明3838w,3848,13848
3841,小明3839w,3849,13849
3842,小明3840w,3850,13850
3843,小明3841w,3851,13851
3844,小明3842w,3852,13852
3845,小明3843w,3853,13853
3846,小明3844w,3854,13854
3847,小明3845w,3855,13855
3848,小明3846w,3856,13856
3849,小明3847w,3857,13857
3850,小明3848w,3858,13858
3851,小明3849w,3859,13859
3852,小明3850w,3860,13860
3853,小明3851w,3861,13861
3854,小明3852w,3862,13862
3855,小明3853w,3863,13863
3856,小明3854w,3864,13864
3857,小明3855w,3865,13865
3858,小明3856w,3866,13866
3859,小明3857w,3867,13867
3860,小明3858w,3868,13868
3861,小明3859w,3869,13869
3862,小明3860w,3870,13870
3863,小明3861w,3871,13871
3864,小明3862w,3872,13872
3865,小明3863w,3873,13873
3866,小明3864w,3874,13874
3867,小明3865w,3875,13875
3868,小明3866w,3876,13876
3869,小明3867w,3877,13877
3870,小明3868w,3878,13878
3871,小明3869w,3879,13879
3872,小明3870w,3880,13880
3873,小明3871w,3881,13881
3874,小明3872w,3882,13882
3875,小明3873w,3883,13883
3876,小明3874w,3884,13884
3877,小明3875w,3885,13885
3878,小明3876w,3886,13886
3879,小明3877w,3887,13887
3880,小明3878w,3888,13888
3881,小明3879w,3889,13889
3882,小明3880w,3890,13890
3883,小明3881w,3891,13891
3884,小明3882w,3892,13892
3885,小明3883w,3893,13893
3886,小明3884w,3894,13894
3887,小明3885w,3895,13895
3888,小明3886w,3896,13896
3889,小明3887w,3897,13897
3890,小明3888w,3898,13898
3891,小明3889w,3899,13899
3892,小明3890w,3900,13900
3893,小明3891w,3901,13901
3894,小明3892w,3902,13902
3895,小明3893w,3903,13903
3896,小明3894w,3904,13904
3897,小明3895w,3905,13905
3898,小明3896w,3906,13906
3899,小明3897w,3907,13907
3900,小明3898w,3908,13908
3901,小明3899w,3909,13909
3902,小明3900w,3910,13910
3903,小明3901w,3911,13911
3904,小明3902w,3912,13912
3905,小明3903w,3913,13913
3906,小明3904w,3914,13914
3907,小明3905w,3915,13915
3908,小明3906w,3916,13916
3909,小明3907w,3917,13917
3910,小明3908w,3918,13918
3911,小明3909w,3919,13919
3912,小明3910w,3920,13920
3913,小明3911w,3921,13921
3914,小明3912w,3922,13922
3915,小明3913w,3923,13923
3916,小明3914w,3924,13924
3917,小明3915w,3925,13925
3918,小明3916w,3926,13926
3919,小明3917w,3927,13927
3920,小明3918w,3928,13928
3921,小明3919w,3929,13929
3922,小明3920w,3930,13930
3923,小明3921w,3931,13931
3924,小明3922w,3932,13932
3925,小明3923w,3933,13933
3926,小明3924w,3934,13934
3927,小明3925w,3935,13935
3928,小明3926w,3936,13936
3929,小明3927w,3937,13937
3930,小明3928w,3938,13938
3931,小明3929w,3939,13939
3932,小明3930w,3940,13940
3933,小明3931w,3941,13941
3934,小明3932w,3942,13942
3935,小明3933w,3943,13943
3936,小明3934w,3944,13944
3937,小明3935w,3945,13945
3938,小明3936w,3946,13946
3939,小明3937w,3947,13947
3940,小明3938w,3948,13948
3941,小明3939w,3949,13949
3942,小明3940w,3950,13950
3943,小明3941w,3951,13951
3944,小明3942w,3952,13952
3945,小明3943w,3953,13953
3946,小明3944w,3954,13954
3947,小明3945w,3955,13955
3948,小明3946w,3956,13956
3949,小明3947w,3957,13957
3950,小明3948w,3958,13958
3951,小明3949w,3959,13959
3952,小明3950w,3960,13960
3953,小明3951w,3961,13961
3954,小明3952w,3962,13962
3955,小明3953w,3963,13963
3956,小明3954w,3964,13964
3957,小明3955w,3965,13965
3958,小明3956w,3966,13966
3959,小明3957w,3967,13967
3960,小明3958w,3968,13968
3961,小明3959w,3969,13969
3962,小明3960w,3970,13970
3963,小明3961w,3971,13971
3964,小明3962w,3972,13972
3965,小明3963w,3973,13973
3966,小明3964w,3974,13974
3967,小明3965w,3975,13975
3968,小明3966w,3976,13976
3969,小明3967w,3977,13977
3970,小明3968w,3978,13978
3971,小明3969w,3979,13979
3972,小明3970w,3980,13980
3973,小明3971w,3981,13981
3974,小明3972w,3982,13982
3975,小明3973w,3983,13983
3976,小明3974w,3984,13984
3977,小明3975w,3985,13985
3978,小明3976w,3986,13986
3979,小明3977w,3987,13987
3980,小明3978w,3988,13988
3981,小明3979w,3989,13989
3982,小明3980w,3990,13990
3983,小明3981w,3991,13991
3984,小明3982w,3992,13992
3985,小明3983w,3993,13993
3986,小明3984w,3994,13994
3987,小明3985w,3995,13995
3988,小明3986w,3996,13996
3989,小明3987w,3997,13997
3990,小明3988w,3998,13998
3991,小明3989w,3999,13999
3992,小明3990w,4000,14000
3993,小明3991w,4001,14001
3994,小明3992w,4002,14002
3995,小明3993w,4003,14003
3996,小明3994w,4004,14004
3997,小明3995w,4005,14005
3998,小明3996w,4006,14006
3999,小明3997w,4007,14007
4000,小明3998w,4008,14008
